15	15	185	0.0438449	0.00310304	5
15	15	195	0.0517562	0.0030209	6
15	15	205	0.0617198	0.00330482	7
15	15	215	0.0708265	0.00346749	8
15	15	225	0.0975088	0.00400618	9
15	15	235	0.139351	0.00464339	10
15	15	245	0.187234	0.00537732	11
15	15	255	0.242652	0.00598188	12
15	15	265	0.362027	0.00722926	13
15	15	275	0.525596	0.00864153	14
15	18	185	0.0579003	0.00320231	5
15	18	195	0.072186	0.00335823	6
15	18	205	0.0924038	0.00360085	7
15	18	215	0.108192	0.00381646	8
15	18	225	0.10973	0.00386095	9
15	18	235	0.122053	0.00403865	10
15	18	245	0.142498	0.00422098	11
15	18	255	0.16133	0.00445849	12
15	18	265	0.202149	0.00494604	13
15	18	275	0.239196	0.00538158	14
15	20	185	0.0920152	0.00359245	5
15	20	195	0.095893	0.00364268	6
15	20	205	0.119905	0.0038479	7
15	20	215	0.144265	0.00418459	8
15	20	225	0.164243	0.00441351	9
15	20	235	0.164734	0.00437459	10
15	20	245	0.17636	0.0044116	11
15	20	255	0.175508	0.00439415	12
15	20	265	0.175501	0.00435687	13
15	20	275	0.171425	0.0043138	14
15	25	175	0.162248	0.00392577	4
15	25	185	0.1973	0.00438038	5
15	25	195	0.254832	0.00490361	6
15	25	205	0.322953	0.00545046	7
15	25	215	0.335095	0.00550981	8
15	25	225	0.331029	0.00546077	9
15	25	235	0.297253	0.00513539	10
15	25	245	0.231359	0.00451466	11
15	25	255	0.168352	0.00387743	12
15	25	265	0.117745	0.00321772	13
15	25	275	0.0474875	0.0020822	14
15	28	175	0.273139	0.00475002	4
15	28	185	0.336399	0.00538062	5
15	28	195	0.39666	0.0056797	6
15	28	205	0.459341	0.00610405	7
15	28	215	0.457867	0.00605159	8
15	28	225	0.397043	0.00564662	9
15	28	235	0.298291	0.00488182	10
15	28	245	0.201472	0.00401221	11
15	28	255	0.128747	0.00320024	12
15	28	265	0.103241	0.00288341	13
15	30	165	0.171751	0.00377812	3
15	30	175	0.33429	0.00520192	4
15	30	185	0.438047	0.00582741	5
15	30	195	0.487717	0.00611469	6
15	30	205	0.500557	0.00616337	7
15	30	215	0.449887	0.00581982	8
15	30	225	0.342978	0.00508935	9
15	30	235	0.231078	0.00418356	10
15	30	245	0.138818	0.00326299	11
15	30	255	0.0943797	0.00263881	12
15	30	265	0.0636167	0.00217009	13
15	33	165	0.306354	0.00698487	3
15	33	175	0.462624	0.00867224	4
15	33	185	0.539645	0.00939857	5
15	33	195	0.535925	0.00928072	6
15	33	205	0.469558	0.00879072	7
15	33	215	0.345089	0.00749211	8
15	33	225	0.232663	0.00609933	9
15	33	235	0.130932	0.0045479	10
15	33	245	0.0810123	0.00365241	11
15	33	255	0.0595529	0.00314613	12
15	33	265	0.0152337	0.00169414	13
15	35	165	0.436855	0.0100762	3
15	35	175	0.570804	0.0116699	4
15	35	185	0.627962	0.0121283	5
15	35	195	0.560427	0.011619	6
15	35	205	0.426649	0.010132	7
15	35	215	0.285739	0.00821516	8
15	35	225	0.160068	0.00632855	9
15	35	235	0.0851008	0.00463206	10
15	35	245	0.0563662	0.00371435	11
15	35	255	0.0483288	0.00338315	12
18	15	175	0.0314502	0.00258458	4
18	15	185	0.0441685	0.00239553	5
18	15	195	0.0424861	0.00247213	6
18	15	205	0.06472	0.002951	7
18	15	215	0.0948862	0.00355825	8
18	15	225	0.153964	0.00440321	9
18	15	235	0.23757	0.00542571	10
18	15	245	0.336099	0.00639047	11
18	15	255	0.519955	0.00792289	12
18	15	265	0.932429	0.0105201	13
18	15	275	0.570604	0.00825174	14
18	18	175	0.0506666	0.00270599	4
18	18	185	0.0341785	0.00217193	5
18	18	195	0.043621	0.0022622	6
18	18	205	0.0612733	0.00259935	7
18	18	215	0.0717142	0.00285448	8
18	18	225	0.102595	0.00328406	9
18	18	235	0.132657	0.00376403	10
18	18	245	0.203215	0.00453865	11
18	18	255	0.292191	0.00544595	12
18	18	265	0.465584	0.00679445	13
18	18	275	0.332482	0.00573624	14
18	20	175	0.0586858	0.00268353	4
18	20	185	0.0401611	0.00221496	5
18	20	195	0.0524099	0.00243041	6
18	20	205	0.0700269	0.00267423	7
18	20	215	0.100826	0.00311597	8
18	20	225	0.117971	0.00339791	9
18	20	235	0.159583	0.00385582	10
18	20	245	0.20462	0.00433553	11
18	20	255	0.262117	0.00488403	12
18	20	265	0.340377	0.00555371	13
18	20	275	0.183877	0.00409233	14
18	25	165	0.089684	0.00278058	3
18	25	175	0.0837436	0.0027934	4
18	25	185	0.112658	0.00307979	5
18	25	195	0.170415	0.00367367	6
18	25	205	0.238758	0.00424025	7
18	25	215	0.294844	0.00469404	8
18	25	225	0.336675	0.00498	9
18	25	235	0.33929	0.00500055	10
18	25	245	0.303971	0.00469147	11
18	25	255	0.21899	0.00400477	12
18	25	265	0.117533	0.00294951	13
18	28	165	0.112897	0.00284788	3
18	28	175	0.147309	0.00331098	4
18	28	185	0.229822	0.0039847	5
18	28	195	0.334152	0.00472257	6
18	28	205	0.41786	0.00531716	7
18	28	215	0.472941	0.0055783	8
18	28	225	0.45507	0.00547192	9
18	28	235	0.374143	0.00495154	10
18	28	245	0.250634	0.00407708	11
18	28	255	0.149948	0.00317743	12
18	28	265	0.0534284	0.00186697	13
18	30	165	0.144822	0.00313755	3
18	30	175	0.219005	0.00382083	4
18	30	185	0.325631	0.00459156	5
18	30	195	0.459926	0.00538812	6
18	30	205	0.541455	0.00582791	7
18	30	215	0.519184	0.00571557	8
18	30	225	0.429348	0.00517141	9
18	30	235	0.290229	0.00427385	10
18	30	245	0.16925	0.0032681	11
18	30	255	0.118723	0.00272361	12
18	33	155	0.0771821	0.00342501	2
18	33	165	0.206178	0.00534816	3
18	33	175	0.342459	0.00678157	4
18	33	185	0.517257	0.00830365	5
18	33	195	0.613045	0.00902965	6
18	33	205	0.600885	0.00892946	7
18	33	215	0.47851	0.00801373	8
18	33	225	0.301586	0.00646242	9
18	33	235	0.165868	0.00471906	10
18	33	245	0.102723	0.00369562	11
18	33	255	0.0720274	0.00307354	12
18	35	155	0.12476	0.00506716	2
18	35	165	0.2652	0.00737232	3
18	35	175	0.454513	0.00949953	4
18	35	185	0.632588	0.0111223	5
18	35	195	0.664747	0.0113902	6
18	35	205	0.585201	0.0106877	7
18	35	215	0.367917	0.00863733	8
18	35	225	0.223825	0.00665665	9
18	35	235	0.100549	0.00460018	10
18	35	245	0.0687795	0.00376295	11
18	35	255	0.0330542	0.00267298	12
20	15	165	0.0312972	0.0022018	3
20	15	175	0.0300339	0.00215227	4
20	15	185	0.0311637	0.00208869	5
20	15	195	0.0491564	0.00246277	6
20	15	205	0.071719	0.00302905	7
20	15	215	0.118305	0.00377857	8
20	15	225	0.194979	0.00467795	9
20	15	235	0.293607	0.00568591	10
20	15	245	0.453233	0.00705262	11
20	15	255	0.821025	0.00949874	12
20	15	265	1.28056	0.0117273	13
20	18	165	0.0335026	0.00201308	3
20	18	175	0.0327246	0.00218258	4
20	18	185	0.0296701	0.00197741	5
20	18	195	0.0376306	0.00203227	6
20	18	205	0.0485025	0.00226448	7
20	18	215	0.0740785	0.0026842	8
20	18	225	0.110881	0.00324053	9
20	18	235	0.170422	0.00393269	10
20	18	245	0.289718	0.00513075	11
20	18	255	0.502949	0.00676243	12
20	18	265	0.857841	0.00876975	13
20	20	165	0.0411599	0.00203762	3
20	20	175	0.0346076	0.00213729	4
20	20	185	0.0302076	0.00184161	5
20	20	195	0.0441106	0.00201554	6
20	20	205	0.0558647	0.0022517	7
20	20	215	0.0820967	0.00268723	8
20	20	225	0.111819	0.00308274	9
20	20	235	0.169018	0.00375628	10
20	20	245	0.276686	0.00476078	11
20	20	255	0.435072	0.00596534	12
20	20	265	0.550239	0.00666353	13
20	25	165	0.0585703	0.0022169	3
20	25	175	0.0536801	0.00210497	4
20	25	185	0.0848689	0.00246322	5
20	25	195	0.135186	0.00305432	6
20	25	205	0.197008	0.00365452	7
20	25	215	0.277997	0.00431189	8
20	25	225	0.362069	0.00488091	9
20	25	235	0.423306	0.00525347	10
20	25	245	0.396351	0.00510438	11
20	25	255	0.280238	0.00429198	12
20	28	155	0.0580855	0.00211419	2
20	28	165	0.0834983	0.00238315	3
20	28	175	0.106938	0.00266097	4
20	28	185	0.170131	0.003243	5
20	28	195	0.280764	0.00410932	6
20	28	205	0.397098	0.00486821	7
20	28	215	0.49562	0.00542654	8
20	28	225	0.56196	0.0057651	9
20	28	235	0.464854	0.005233	10
20	28	245	0.307654	0.00426803	11
20	28	255	0.158693	0.00307104	12
20	30	155	0.0983818	0.00238841	2
20	30	165	0.094511	0.00248636	3
20	30	175	0.156447	0.00309971	4
20	30	185	0.271462	0.00396146	5
20	30	195	0.42219	0.00489776	6
20	30	205	0.55339	0.00559183	7
20	30	215	0.608865	0.00586603	8
20	30	225	0.532096	0.00547881	9
20	30	235	0.361263	0.00447817	10
20	30	245	0.198207	0.00332272	11
20	30	255	0.0809355	0.0021487	12
20	33	155	0.114602	0.00371579	2
20	33	165	0.16153	0.0044845	3
20	33	175	0.264843	0.00578177	4
20	33	185	0.456936	0.00740524	5
20	33	195	0.619431	0.00856044	6
20	33	205	0.691859	0.00905897	7
20	33	215	0.59678	0.00839884	8
20	33	225	0.392479	0.00680533	9
20	33	235	0.185287	0.00483965	10
20	33	245	0.105331	0.00361325	11
20	33	255	0.0485162	0.00201802	12
20	35	155	0.123887	0.00478318	2
20	35	165	0.199778	0.00603963	3
20	35	175	0.382001	0.00820031	4
20	35	185	0.587082	0.010208	5
20	35	195	0.778507	0.0116661	6
20	35	205	0.746178	0.0114442	7
20	35	215	0.525412	0.00962426	8
20	35	225	0.267537	0.0069209	9
20	35	235	0.124879	0.00477507	10
20	35	245	0.0731415	0.00367954	11
25	15	155	0.0241437	0.00173212	2
25	15	165	0.0317203	0.00186792	3
25	15	175	0.0326144	0.00189822	4
25	15	185	0.0426013	0.00216956	5
25	15	195	0.0731379	0.00272512	6
25	15	205	0.108762	0.00324092	7
25	15	215	0.184555	0.00407073	8
25	15	225	0.277136	0.00497585	9
25	15	235	0.498292	0.0066827	10
25	15	245	1.26777	0.0104333	11
25	18	155	0.022473	0.00154605	2
25	18	165	0.0286429	0.00170669	3
25	18	175	0.0276348	0.00163793	4
25	18	185	0.0332524	0.00172914	5
25	18	195	0.0434712	0.00192574	6
25	18	205	0.0709376	0.00235759	7
25	18	215	0.110073	0.00291368	8
25	18	225	0.18502	0.0036856	9
25	18	235	0.360008	0.00516344	10
25	18	245	0.863219	0.00793479	11
25	18	255	1.01488	0.00861699	12
25	20	155	0.0254783	0.0016407	2
25	20	165	0.0282585	0.0015256	3
25	20	175	0.0300742	0.0015402	4
25	20	185	0.0382646	0.00171762	5
25	20	195	0.0537767	0.00196569	6
25	20	205	0.086571	0.00246886	7
25	20	215	0.154831	0.00321993	8
25	20	225	0.305184	0.00452145	9
25	20	235	0.732468	0.00695169	10
25	20	245	1.26052	0.00902948	11
25	25	155	0.0384238	0.00101794	2
25	25	165	0.0282656	0.0014308	3
25	25	175	0.0373957	0.00149752	4
25	25	185	0.0472363	0.00165257	5
25	25	195	0.0861168	0.00218005	6
25	25	205	0.160012	0.00294465	7
25	25	215	0.336614	0.00423631	8
25	25	225	0.656557	0.00590447	9
25	25	235	1.02804	0.00734313	10
25	25	245	0.743795	0.00624685	11
25	28	145	0.0591638	0.00183008	1
25	28	155	0.0407764	0.00156837	2
25	28	165	0.0473184	0.00159845	3
25	28	175	0.0706002	0.00188621	4
25	28	185	0.136956	0.00260485	5
25	28	195	0.268884	0.00361052	6
25	28	205	0.565144	0.00521266	7
25	28	215	0.985221	0.00685246	8
25	28	225	1.14567	0.00736007	9
25	28	235	0.661283	0.00558962	10
25	30	145	0.0424582	0.00155584	1
25	30	155	0.0542866	0.00180958	2
25	30	165	0.0479317	0.0015769	3
25	30	175	0.0801058	0.00197523	4
25	30	185	0.1551	0.00272849	5
25	30	195	0.315598	0.00384244	6
25	30	205	0.654445	0.00550479	7
25	30	215	1.09757	0.00704727	8
25	30	225	1.12197	0.00706893	9
25	30	235	0.628275	0.00528229	10
25	30	245	0.15753	0.00265807	11
25	33	145	0.0637229	0.00266175	1
25	33	155	0.061745	0.00255211	2
25	33	165	0.0920713	0.00312292	3
25	33	175	0.197969	0.00448952	4
25	33	185	0.455666	0.0066576	5
25	33	195	0.912258	0.00936626	6
25	33	205	1.34716	0.0113232	7
25	33	215	1.11856	0.0103062	8
25	33	225	0.490968	0.00682255	9
25	33	235	0.160408	0.00391857	10
25	35	145	0.058659	0.00307809	1
25	35	155	0.0728437	0.00340037	2
25	35	165	0.127621	0.0043616	3
25	35	175	0.287282	0.00652358	4
25	35	185	0.662394	0.00976251	5
25	35	195	1.22659	0.0132044	6
25	35	205	1.43831	0.0141857	7
25	35	215	0.937647	0.0115427	8
25	35	225	0.313197	0.00677916	9
25	35	235	0.100053	0.00389983	10
28	15	145	0.0239563	0.00143743	1
28	15	155	0.0303699	0.00168833	2
28	15	165	0.0284569	0.00169775	3
28	15	175	0.0373831	0.00190771	4
28	15	185	0.0461556	0.00215935	5
28	15	195	0.0831585	0.00269553	6
28	15	205	0.129481	0.00330689	7
28	15	215	0.199443	0.00404873	8
28	15	225	0.338141	0.00521252	9
28	15	235	0.723024	0.00753556	10
28	18	145	0.0236871	0.00155662	1
28	18	155	0.029737	0.00159492	2
28	18	165	0.0322175	0.00165472	3
28	18	175	0.0366211	0.00169473	4
28	18	185	0.052558	0.00199496	5
28	18	195	0.0818968	0.00239795	6
28	18	205	0.125175	0.00289616	7
28	18	215	0.224656	0.0038942	8
28	18	225	0.511471	0.00586192	9
28	18	235	1.0882	0.00847249	10
28	20	145	0.019772	0.00144957	1
28	20	155	0.0288453	0.00147919	2
28	20	165	0.0284429	0.00143966	3
28	20	175	0.0346529	0.00160199	4
28	20	185	0.0501365	0.00179803	5
28	20	195	0.0657532	0.00203854	6
28	20	205	0.121048	0.0026871	7
28	20	215	0.223441	0.00370781	8
28	20	225	0.542949	0.00578753	9
28	20	235	1.78369	0.0102577	10
28	25	145	0.0213971	0.00135642	1
28	25	155	0.0299388	0.0013349	2
28	25	165	0.0306081	0.00131705	3
28	25	175	0.0422733	0.00147902	4
28	25	185	0.0585837	0.00171692	5
28	25	195	0.123955	0.00247374	6
28	25	205	0.293366	0.00376465	7
28	25	215	0.755118	0.00601133	8
28	25	225	1.41435	0.00818613	9
28	25	235	0.759083	0.00602545	10
28	28	145	0.0380265	0.00155752	1
28	28	155	0.0325515	0.00134537	2
28	28	165	0.0374863	0.00136334	3
28	28	175	0.0573305	0.00162516	4
28	28	185	0.112688	0.00223341	5
28	28	195	0.262075	0.00338231	6
28	28	205	0.668805	0.00538398	7
28	28	215	1.39698	0.0077159	8
28	28	225	1.4277	0.00779739	9
28	28	235	0.382323	0.00405088	10
28	30	135	0.0270749	0.0012664	0
28	30	145	0.046425	0.00155404	1
28	30	155	0.0356577	0.0013059	2
28	30	165	0.0468161	0.0014555	3
28	30	175	0.0839345	0.00192738	4
28	30	185	0.181733	0.00281368	5
28	30	195	0.467985	0.00447542	6
28	30	205	1.13786	0.00681872	7
28	30	215	1.63987	0.00810302	8
28	30	225	0.919291	0.00605504	9
28	30	235	0.154561	0.00251822	10
28	33	135	0.0428347	0.0021326	0
28	33	145	0.0357226	0.00201903	1
28	33	155	0.0460195	0.00206049	2
28	33	165	0.0844395	0.00275624	3
28	33	175	0.18248	0.00413599	4
28	33	185	0.509641	0.00674928	5
28	33	195	1.20766	0.0102728	6
28	33	205	1.73963	0.0122023	7
28	33	215	0.996714	0.00919533	8
28	33	225	0.262764	0.00476759	9
28	35	135	0.0454503	0.00255509	0
28	35	145	0.0454358	0.00259865	1
28	35	155	0.0621289	0.00298308	2
28	35	165	0.128226	0.00417896	3
28	35	175	0.377872	0.00709434	4
28	35	185	0.928313	0.0109383	5
28	35	195	1.63528	0.0147362	6
28	35	205	1.24073	0.0127416	7
28	35	215	0.374423	0.00700816	8
28	35	225	0.0898597	0.00340968	9
30	15	145	0.0192821	0.00137524	1
30	15	155	0.0194193	0.00141545	2
30	15	165	0.0243893	0.00153478	3
30	15	175	0.0342684	0.0018141	4
30	15	185	0.0537584	0.00217609	5
30	15	195	0.0773618	0.00251955	6
30	15	205	0.117084	0.00303004	7
30	15	215	0.181008	0.00374472	8
30	15	225	0.358346	0.0051902	9
30	15	235	0.195452	0.00391395	10
30	18	135	0.0149735	0.00116222	0
30	18	145	0.0214493	0.00132435	1
30	18	155	0.0248584	0.00140706	2
30	18	165	0.0242889	0.00134325	3
30	18	175	0.038267	0.00168188	4
30	18	185	0.0508235	0.00187822	5
30	18	195	0.0763112	0.0022241	6
30	18	205	0.12993	0.00289233	7
30	18	215	0.245912	0.00397229	8
30	18	225	0.674967	0.00646571	9
30	20	135	0.0119065	0.00102135	0
30	20	145	0.0205917	0.00130367	1
30	20	155	0.0220641	0.00128254	2
30	20	165	0.0271941	0.00134893	3
30	20	175	0.0343854	0.00152459	4
30	20	185	0.0468201	0.001694	5
30	20	195	0.0664783	0.00197892	6
30	20	205	0.120683	0.00261527	7
30	20	215	0.25391	0.0038203	8
30	20	225	0.752572	0.00647772	9
30	25	135	0.0211504	0.00132962	0
30	25	145	0.0215114	0.00121005	1
30	25	155	0.0231209	0.00116488	2
30	25	165	0.0283815	0.00124375	3
30	25	175	0.0349848	0.00130935	4
30	25	185	0.0578369	0.00165633	5
30	25	195	0.12051	0.00234474	6
30	25	205	0.302932	0.00372211	7
30	25	215	0.823243	0.0061259	8
30	25	225	2.28866	0.0101121	9
30	28	135	0.0214419	0.00118949	0
30	28	145	0.0236129	0.00113984	1
30	28	155	0.0286416	0.00115405	2
30	28	165	0.0355341	0.00125538	3
30	28	175	0.0565418	0.00154194	4
30	28	185	0.134376	0.00234817	5
30	28	195	0.359676	0.00385956	6
30	28	205	0.942229	0.00619096	7
30	28	215	2.46775	0.00996486	8
30	28	225	0.582066	0.00490712	9
30	30	135	0.0279148	0.00129157	0
30	30	145	0.0233513	0.00113115	1
30	30	155	0.0301587	0.00114081	2
30	30	165	0.0432588	0.00134771	3
30	30	175	0.0868665	0.00188678	4
30	30	185	0.217078	0.0029781	5
30	30	195	0.604022	0.00492847	6
30	30	205	1.74854	0.0081637	7
30	30	215	1.80059	0.00825822	8
30	30	225	0.264201	0.0032265	9
30	33	135	0.0327521	0.00187082	0
30	33	145	0.031102	0.00173218	1
30	33	155	0.0388987	0.00186385	2
30	33	165	0.0784018	0.00256161	3
30	33	175	0.200632	0.0041047	4
30	33	185	0.560158	0.00697777	5
30	33	195	1.59662	0.0113978	6
30	33	205	2.2551	0.0134308	7
30	33	215	0.50369	0.00637825	8
30	33	225	4.27637	0.0200417	9
30	35	135	0.0364889	0.00235471	0
30	35	145	0.0263751	0.00200459	1
30	35	155	0.0439671	0.00235423	2
30	35	165	0.0813856	0.00323863	3
30	35	175	0.212424	0.00521755	4
30	35	185	0.628394	0.00887628	5
30	35	195	1.93101	0.0151887	6
30	35	205	1.57263	0.0136165	7
30	35	215	0.383012	0.00675755	8
30	35	225	0.0695247	0.00295664	9
33	15	135	0.017341	0.0020594	0
33	15	145	0.0170335	0.00208415	1
33	15	155	0.0188906	0.0021247	2
33	15	165	0.0271301	0.00252007	3
33	15	175	0.0413278	0.00305712	4
33	15	185	0.0431973	0.00311224	5
33	15	195	0.0717986	0.00372234	6
33	15	205	0.095379	0.0044931	7
33	15	215	0.175453	0.00583789	8
33	15	225	0.0785636	0.00370031	9
33	18	135	0.0314291	0.00208477	0
33	18	145	0.0220728	0.00197923	1
33	18	155	0.0248438	0.00220766	2
33	18	165	0.0305916	0.00229193	3
33	18	175	0.0368714	0.00248394	4
33	18	185	0.0569729	0.00303006	5
33	18	195	0.0816358	0.00361215	6
33	18	205	0.132456	0.00467733	7
33	18	215	0.305942	0.00692244	8
33	20	135	0.0183459	0.0019534	0
33	20	145	0.0163122	0.0017554	1
33	20	155	0.0250365	0.00204944	2
33	20	165	0.031885	0.0022246	3
33	20	175	0.0313629	0.00222484	4
33	20	185	0.0433678	0.00254254	5
33	20	195	0.0690387	0.00314513	6
33	20	205	0.120807	0.00416952	7
33	20	215	0.283785	0.00637435	8
33	20	225	0.263187	0.00613744	9
33	25	135	0.0297927	0.0019418	0
33	25	145	0.0262783	0.00179792	1
33	25	155	0.0274428	0.0018735	2
33	25	165	0.0302756	0.00191246	3
33	25	175	0.0423167	0.00225388	4
33	25	185	0.0692084	0.00284379	5
33	25	195	0.16715	0.0043922	6
33	25	205	0.47135	0.00736576	7
33	25	215	0.794644	0.00944558	8
33	28	135	0.0211393	0.00156058	0
33	28	145	0.021795	0.00153666	1
33	28	155	0.0233208	0.00153635	2
33	28	165	0.0261333	0.00151372	3
33	28	175	0.038384	0.00186404	4
33	28	185	0.0805099	0.00270141	5
33	28	195	0.21797	0.00441294	6
33	28	205	0.585997	0.00711216	7
33	28	215	0.749881	0.00807365	8
33	30	135	0.0224582	0.00149034	0
33	30	145	0.0245255	0.00150732	1
33	30	155	0.023776	0.00148406	2
33	30	165	0.0362951	0.00180413	3
33	30	175	0.0778402	0.00255164	4
33	30	185	0.206973	0.0041111	5
33	30	195	0.572139	0.00677798	6
33	30	205	0.766895	0.00795071	7
33	30	215	0.287374	0.00486354	8
33	33	135	0.0207091	0.00137721	0
33	33	145	0.0244625	0.00139802	1
33	33	155	0.0243519	0.00141213	2
33	33	165	0.0470644	0.00189109	3
33	33	175	0.122306	0.00310534	4
33	33	185	0.358435	0.00523392	5
33	33	195	0.64901	0.00705369	6
33	33	205	0.444263	0.00574463	7
33	33	215	0.0871337	0.00267475	8
33	35	135	0.0242066	0.0016332	0
33	35	145	0.0206611	0.00169758	1
33	35	155	0.0298491	0.00187407	2
33	35	165	0.0644509	0.00274709	3
33	35	175	0.191414	0.0046691	4
33	35	185	0.498682	0.00739531	5
33	35	195	0.559509	0.00773165	6
33	35	205	0.255148	0.00527181	7
33	35	215	1.84621	0.0130225	8
35	15	135	0.0210939	0.00626302	0
35	15	145	0.0184707	0.0062588	1
35	15	155	0.024957	0.00319789	2
35	15	165	0.0279927	0.00314727	3
35	15	175	0.0339297	0.0037607	4
35	15	185	0.0553638	0.00442326	5
35	15	195	0.0611334	0.00478068	6
35	15	205	0.0929349	0.0055987	7
35	15	215	0.106166	0.00566196	8
35	18	135	0.017877	0.00231813	0
35	18	145	0.0149808	0.00345543	1
35	18	155	0.0259088	0.00273362	2
35	18	165	0.0263493	0.00278862	3
35	18	175	0.0408987	0.00343928	4
35	18	185	0.0524006	0.00371038	5
35	18	195	0.0739862	0.00447865	6
35	18	205	0.1362	0.005952	7
35	18	215	0.099349	0.00491433	8
35	20	135	0.0240372	0.00238035	0
35	20	145	0.02629	0.00254339	1
35	20	155	0.0244989	0.00242862	2
35	20	165	0.029264	0.00265929	3
35	20	175	0.0297434	0.00292624	4
35	20	185	0.0595251	0.00377971	5
35	20	195	0.0934773	0.00475218	6
35	20	205	0.205051	0.00694526	7
35	25	135	0.0228389	0.00226028	0
35	25	145	0.0242808	0.00218446	1
35	25	155	0.0279892	0.00236333	2
35	25	165	0.0320752	0.00253916	3
35	25	175	0.0363757	0.00278952	4
35	25	185	0.0743469	0.00368022	5
35	25	195	0.158046	0.00547133	6
35	25	205	0.37286	0.00831122	7
35	25	215	0.222308	0.00639152	8
35	28	135	0.0266543	0.00218597	0
35	28	145	0.0268649	0.00220824	1
35	28	155	0.020145	0.00195527	2
35	28	165	0.027787	0.00220874	3
35	28	175	0.0457891	0.00283762	4
35	28	185	0.101861	0.00423424	5
35	28	195	0.285607	0.00694785	6
35	28	205	0.524356	0.00928861	7
35	30	135	0.0231641	0.00180357	0
35	30	145	0.0225891	0.00174112	1
35	30	155	0.0208299	0.0017405	2
35	30	165	0.0344826	0.00209514	3
35	30	175	0.0620365	0.00294975	4
35	30	185	0.175435	0.00477315	5
35	30	195	0.373443	0.00690273	6
35	30	205	0.30441	0.00624249	7
35	33	135	0.0220973	0.00164623	0
35	33	145	0.0212817	0.00167215	1
35	33	155	0.0220355	0.00167565	2
35	33	165	0.0380445	0.00212255	3
35	33	175	0.0944618	0.00335178	4
35	33	185	0.248911	0.00537933	5
35	33	195	0.326981	0.00635332	6
35	33	205	0.188693	0.00470879	7
35	35	135	0.0203413	0.00163081	0
35	35	145	0.0194032	0.00166901	1
35	35	155	0.0289649	0.00193977	2
35	35	165	0.0731939	0.00291932	3
35	35	175	0.177872	0.00456278	4
35	35	185	0.298706	0.00584269	5
35	35	195	0.203564	0.004794	6
35	35	205	0.819207	0.00962029	7
15	15	185	0.0597573	0.0040621	5
15	15	195	0.0834271	0.00388536	6
15	15	205	0.0986655	0.00409594	7
15	15	215	0.119211	0.00439066	8
15	15	225	0.150267	0.00492717	9
15	15	235	0.200383	0.00555435	10
15	15	245	0.274596	0.00639962	11
15	15	255	0.337418	0.00702136	12
15	15	265	0.456944	0.00810131	13
15	15	275	0.578205	0.0091636	14
15	18	185	0.0902033	0.00407022	5
15	18	195	0.0993027	0.00397384	6
15	18	205	0.127063	0.00417885	7
15	18	215	0.15206	0.00452417	8
15	18	225	0.175267	0.00475482	9
15	18	235	0.17106	0.00470299	10
15	18	245	0.188222	0.004872	11
15	18	255	0.195948	0.00489493	12
15	18	265	0.222708	0.00518604	13
15	18	275	0.245313	0.00545416	14
15	20	185	0.126502	0.0042746	5
15	20	195	0.133663	0.00429767	6
15	20	205	0.175939	0.00466826	7
15	20	215	0.206121	0.00498169	8
15	20	225	0.222852	0.00506565	9
15	20	235	0.23218	0.00514805	10
15	20	245	0.215374	0.00495224	11
15	20	255	0.213892	0.00489995	12
15	20	265	0.207377	0.00475986	13
15	20	275	0.20267	0.00473323	14
15	25	175	0.219049	0.00456923	4
15	25	185	0.244739	0.00495946	5
15	25	195	0.306236	0.00544319	6
15	25	205	0.372345	0.00589435	7
15	25	215	0.407193	0.00607842	8
15	25	225	0.38677	0.00589515	9
15	25	235	0.350236	0.00556755	10
15	25	245	0.269763	0.00492159	11
15	25	255	0.198033	0.00417913	12
15	25	265	0.151512	0.00366036	13
15	25	275	0.0667994	0.00248745	14
15	28	175	0.317108	0.00529977	4
15	28	185	0.379066	0.00569827	5
15	28	195	0.461126	0.00622373	6
15	28	205	0.527693	0.00657689	7
15	28	215	0.528684	0.00650776	8
15	28	225	0.441139	0.0059814	9
15	28	235	0.34714	0.00531117	10
15	28	245	0.240809	0.00440786	11
15	28	255	0.168186	0.00369299	12
15	28	265	0.163648	0.00361254	13
15	30	165	0.231445	0.00420388	3
15	30	175	0.382565	0.00556587	4
15	30	185	0.466157	0.00605533	5
15	30	195	0.523506	0.00636636	6
15	30	205	0.552839	0.00652115	7
15	30	215	0.49484	0.00614064	8
15	30	225	0.382347	0.00539217	9
15	30	235	0.273633	0.00459023	10
15	30	245	0.171689	0.00363117	11
15	30	255	0.127427	0.00313732	12
15	30	265	0.102178	0.00278698	13
15	33	165	0.288047	0.00702379	3
15	33	175	0.488396	0.00897349	4
15	33	185	0.56197	0.0097442	5
15	33	195	0.572998	0.00972962	6
15	33	205	0.541174	0.00939281	7
15	33	215	0.386001	0.00831041	8
15	33	225	0.290751	0.00700557	9
15	33	235	0.182157	0.00573324	10
15	33	245	0.129115	0.00461203	11
15	33	255	0.110858	0.00427585	12
15	33	265	0.0269779	0.00233897	13
15	35	165	0.44512	0.0104874	3
15	35	175	0.578271	0.0119317	4
15	35	185	0.588677	0.0119058	5
15	35	195	0.523775	0.0113382	6
15	35	205	0.409174	0.0101937	7
15	35	215	0.279976	0.00853525	8
15	35	225	0.187117	0.00685247	9
15	35	235	0.118105	0.00553126	10
15	35	245	0.0914481	0.00476358	11
15	35	255	0.0627322	0.00403206	12
18	15	175	0.067623	0.00349376	4
18	15	185	0.0545809	0.00299333	5
18	15	195	0.0693915	0.00308312	6
18	15	205	0.0890942	0.003516	7
18	15	215	0.136633	0.00422558	8
18	15	225	0.20562	0.00504078	9
18	15	235	0.295179	0.00602179	10
18	15	245	0.402501	0.00699076	11
18	15	255	0.563631	0.00822666	12
18	15	265	0.907041	0.0104004	13
18	15	275	0.419156	0.00700103	14
18	18	175	0.0838137	0.00350522	4
18	18	185	0.0593548	0.00286718	5
18	18	195	0.070236	0.00288432	6
18	18	205	0.0842789	0.00308844	7
18	18	215	0.108091	0.0034336	8
18	18	225	0.133436	0.00377403	9
18	18	235	0.173155	0.0042709	10
18	18	245	0.215622	0.00466904	11
18	18	255	0.275414	0.00530426	12
18	18	265	0.395117	0.00628886	13
18	18	275	0.246187	0.00500798	14
18	20	175	0.092679	0.00347052	4
18	20	185	0.0644827	0.0029106	5
18	20	195	0.0737876	0.00287213	6
18	20	205	0.100942	0.00322024	7
18	20	215	0.128144	0.0035527	8
18	20	225	0.156001	0.00384689	9
18	20	235	0.181947	0.00418348	10
18	20	245	0.218251	0.00447191	11
18	20	255	0.248353	0.00478092	12
18	20	265	0.280767	0.00505044	13
18	20	275	0.161174	0.00382362	14
18	25	165	0.147102	0.00350729	3
18	25	175	0.105001	0.00321047	4
18	25	185	0.134233	0.0034636	5
18	25	195	0.219099	0.00416031	6
18	25	205	0.267865	0.00454183	7
18	25	215	0.311169	0.00484721	8
18	25	225	0.327691	0.00493066	9
18	25	235	0.315117	0.00479966	10
18	25	245	0.283219	0.00455942	11
18	25	255	0.208561	0.00389791	12
18	25	265	0.131845	0.00312648	13
18	28	165	0.190997	0.00369353	3
18	28	175	0.174177	0.00365753	4
18	28	185	0.228637	0.00404247	5
18	28	195	0.32779	0.00473396	6
18	28	205	0.419141	0.00529524	7
18	28	215	0.425142	0.00533857	8
18	28	225	0.406458	0.00520885	9
18	28	235	0.332645	0.00472119	10
18	28	245	0.238555	0.00396991	11
18	28	255	0.186953	0.00354381	12
18	28	265	0.0830988	0.00230691	13
18	30	165	0.191484	0.00360068	3
18	30	175	0.226882	0.00396895	4
18	30	185	0.312633	0.00454161	5
18	30	195	0.400911	0.00507204	6
18	30	205	0.45955	0.00538671	7
18	30	215	0.437058	0.0052548	8
18	30	225	0.36792	0.00480782	9
18	30	235	0.267235	0.00410039	10
18	30	245	0.181781	0.00339772	11
18	30	255	0.172433	0.00327714	12
18	33	165	0.228977	0.00570358	3
18	33	175	0.307008	0.00655444	4
18	33	185	0.41665	0.00753522	5
18	33	195	0.478506	0.00805435	6
18	33	205	0.464886	0.00794584	7
18	33	215	0.384031	0.00732609	8
18	33	225	0.290454	0.00633527	9
18	33	235	0.190361	0.00510477	10
18	33	245	0.127332	0.00427481	11
18	33	255	0.108983	0.00405157	12
18	35	155	0.200059	0.00642299	2
18	35	165	0.302052	0.00785262	3
18	35	175	0.389478	0.00903918	4
18	35	185	0.479866	0.00971232	5
18	35	195	0.468402	0.00969876	6
18	35	205	0.389703	0.00882367	7
18	35	215	0.273681	0.00752284	8
18	35	225	0.164046	0.0058239	9
18	35	235	0.113838	0.00485947	10
18	35	245	0.101127	0.00453491	11
20	15	165	0.0626753	0.00300357	3
20	15	175	0.0536682	0.00292987	4
20	15	185	0.0551017	0.00280352	5
20	15	195	0.072439	0.00308978	6
20	15	205	0.0974682	0.00349816	7
20	15	215	0.16478	0.00442907	8
20	15	225	0.251139	0.00533594	9
20	15	235	0.358011	0.00625991	10
20	15	245	0.509054	0.00748184	11
20	15	255	0.78346	0.00926352	12
20	15	265	0.934253	0.010009	13
20	18	175	0.0568195	0.00285163	4
20	18	185	0.0517282	0.00252369	5
20	18	195	0.062517	0.00260464	6
20	18	205	0.0716302	0.00277799	7
20	18	215	0.102665	0.00316346	8
20	18	225	0.138393	0.00363661	9
20	18	235	0.194548	0.00425318	10
20	18	245	0.264174	0.00491966	11
20	18	255	0.400392	0.00605754	12
20	18	265	0.556868	0.00706527	13
20	20	175	0.0738112	0.00294227	4
20	20	185	0.0538866	0.00248568	5
20	20	195	0.0621267	0.00246854	6
20	20	205	0.0760596	0.00268374	7
20	20	215	0.10204	0.00301861	8
20	20	225	0.138673	0.00344132	9
20	20	235	0.178225	0.00386051	10
20	20	245	0.23181	0.00439343	11
20	20	255	0.314755	0.00507684	12
20	20	265	0.384633	0.00559532	13
20	25	165	0.118138	0.00309251	3
20	25	175	0.0736115	0.00252589	4
20	25	185	0.09982	0.00271179	5
20	25	195	0.148239	0.00324405	6
20	25	205	0.205916	0.00376195	7
20	25	215	0.254516	0.00415074	8
20	25	225	0.300726	0.00447095	9
20	25	235	0.31178	0.00454059	10
20	25	245	0.285588	0.00433025	11
20	25	255	0.236202	0.00396961	12
20	28	165	0.132252	0.00304331	3
20	28	175	0.11737	0.00288965	4
20	28	185	0.171359	0.00332445	5
20	28	195	0.239957	0.00388441	6
20	28	205	0.323096	0.00441225	7
20	28	215	0.369356	0.00469679	8
20	28	225	0.374433	0.0047194	9
20	28	235	0.323838	0.00439654	10
20	28	245	0.238416	0.00377608	11
20	28	255	0.193086	0.00338863	12
20	30	155	0.130903	0.00281383	2
20	30	165	0.129945	0.00293529	3
20	30	175	0.152659	0.00312235	4
20	30	185	0.228374	0.00366079	5
20	30	195	0.329794	0.00436207	6
20	30	205	0.3819	0.00467796	7
20	30	215	0.40705	0.00480329	8
20	30	225	0.34749	0.00443114	9
20	30	235	0.257127	0.00382145	10
20	30	245	0.187215	0.00324134	11
20	30	255	0.111033	0.00253045	12
20	33	155	0.186789	0.00484913	2
20	33	165	0.183962	0.0049673	3
20	33	175	0.248877	0.00559522	4
20	33	185	0.356829	0.00662099	5
20	33	195	0.406029	0.00702484	6
20	33	205	0.413632	0.00708836	7
20	33	215	0.329183	0.00635956	8
20	33	225	0.234519	0.00530364	9
20	33	235	0.15743	0.00438789	10
20	33	245	0.136207	0.00403015	11
20	35	155	0.197527	0.00614096	2
20	35	165	0.199544	0.00611029	3
20	35	175	0.29584	0.00737458	4
20	35	185	0.375598	0.00820258	5
20	35	195	0.410805	0.00863792	6
20	35	205	0.361701	0.00799753	7
20	35	215	0.253845	0.00677226	8
20	35	225	0.172028	0.00559673	9
20	35	235	0.132276	0.00494142	10
20	35	245	0.0893142	0.00414318	11
25	15	155	0.0568243	0.00244561	2
25	15	165	0.0591145	0.00242359	3
25	15	175	0.0510644	0.00239376	4
25	15	185	0.0683729	0.00272975	5
25	15	195	0.106621	0.00330675	6
25	15	205	0.148297	0.00378972	7
25	15	215	0.227453	0.00453938	8
25	15	225	0.315496	0.00530166	9
25	15	235	0.47977	0.00652107	10
25	15	245	0.853349	0.00858947	11
25	18	165	0.0586781	0.00239167	3
25	18	175	0.0575146	0.00228233	4
25	18	185	0.0522581	0.00217575	5
25	18	195	0.0618277	0.002302	6
25	18	205	0.0856502	0.00265376	7
25	18	215	0.118043	0.00299652	8
25	18	225	0.167391	0.00355588	9
25	18	235	0.256859	0.00437194	10
25	18	245	0.453784	0.00579207	11
25	18	255	0.498291	0.00597246	12
25	20	155	0.0489415	0.0022108	2
25	20	165	0.0549168	0.00212365	3
25	20	175	0.0539912	0.00207997	4
25	20	185	0.0539853	0.00203203	5
25	20	195	0.0723549	0.00232999	6
25	20	205	0.0873593	0.00251801	7
25	20	215	0.144942	0.00313077	8
25	20	225	0.222789	0.00383998	9
25	20	235	0.376896	0.00499325	10
25	20	245	0.394234	0.00509323	11
25	25	145	0.0681217	0.00222983	1
25	25	155	0.0615012	0.00211566	2
25	25	165	0.0599018	0.00196375	3
25	25	175	0.0573047	0.00188206	4
25	25	185	0.0706699	0.00203164	5
25	25	195	0.10598	0.00242052	6
25	25	205	0.154894	0.00288542	7
25	25	215	0.237403	0.00356711	8
25	25	225	0.321012	0.00413954	9
25	25	235	0.34572	0.00428395	10
25	28	145	0.0885503	0.00230379	1
25	28	155	0.0694844	0.00210641	2
25	28	165	0.0656013	0.00196395	3
25	28	175	0.0855593	0.00210886	4
25	28	185	0.10652	0.00231535	5
25	28	195	0.169269	0.00288217	6
25	28	205	0.242144	0.00341771	7
25	28	215	0.327093	0.00395941	8
25	28	225	0.335777	0.00400595	9
25	28	235	0.27983	0.00365847	10
25	30	145	0.113867	0.00240186	1
25	30	155	0.0799519	0.00213286	2
25	30	165	0.0750274	0.00199891	3
25	30	175	0.096297	0.00219632	4
25	30	185	0.141636	0.00260149	5
25	30	195	0.216281	0.0031608	6
25	30	205	0.284531	0.00360782	7
25	30	215	0.325824	0.00386521	8
25	30	225	0.276203	0.00353995	9
25	30	235	0.213984	0.00312423	10
25	33	145	0.108287	0.00348887	1
25	33	155	0.0847534	0.00313914	2
25	33	165	0.0989558	0.0032997	3
25	33	175	0.140256	0.00383275	4
25	33	185	0.212556	0.00457353	5
25	33	195	0.2796	0.00524046	6
25	33	205	0.294648	0.00533997	7
25	33	215	0.248134	0.00492064	8
25	33	225	0.171148	0.00419513	9
25	33	235	0.0915859	0.00303934	10
25	35	145	0.09833	0.00398934	1
25	35	155	0.0914281	0.00381036	2
25	35	165	0.088679	0.00381738	3
25	35	175	0.140283	0.00469721	4
25	35	185	0.228208	0.005792	5
25	35	195	0.271921	0.00624536	6
25	35	205	0.251106	0.00603586	7
25	35	215	0.209884	0.00552209	8
25	35	225	0.137044	0.00451934	9
25	35	235	0.0720377	0.00327	10
28	15	145	0.0377622	0.0019392	1
28	15	155	0.0433647	0.00214975	2
28	15	165	0.0470569	0.0022736	3
28	15	175	0.058008	0.00239446	4
28	15	185	0.0806404	0.00282158	5
28	15	195	0.112846	0.00322311	6
28	15	205	0.161093	0.00371298	7
28	15	215	0.228579	0.00436601	8
28	15	225	0.334933	0.00519304	9
28	15	235	0.512192	0.00637192	10
28	18	145	0.046732	0.00207181	1
28	18	155	0.0524493	0.00210388	2
28	18	165	0.0529088	0.00211209	3
28	18	175	0.0565629	0.00216771	4
28	18	185	0.070184	0.00234373	5
28	18	195	0.100957	0.00270075	6
28	18	205	0.137082	0.0030695	7
28	18	215	0.206354	0.00373338	8
28	18	225	0.331635	0.00473506	9
28	18	235	0.351496	0.00482417	10
28	20	145	0.0470932	0.00202111	1
28	20	155	0.050408	0.00185296	2
28	20	165	0.0509549	0.00196036	3
28	20	175	0.0549115	0.00197247	4
28	20	185	0.0649261	0.00209209	5
28	20	195	0.0834261	0.00232537	6
28	20	205	0.11011	0.00260663	7
28	20	215	0.168747	0.00320387	8
28	20	225	0.277751	0.00410989	9
28	20	235	0.368178	0.00467562	10
28	25	145	0.0458936	0.00179919	1
28	25	155	0.0543215	0.00185825	2
28	25	165	0.0527172	0.00177244	3
28	25	175	0.0569114	0.00178673	4
28	25	185	0.0733083	0.00194027	5
28	25	195	0.0918941	0.00213212	6
28	25	205	0.14465	0.00266207	7
28	25	215	0.221824	0.00327783	8
28	25	225	0.314288	0.00388645	9
28	25	235	0.164358	0.00282492	10
28	28	135	0.0588052	0.00189653	0
28	28	145	0.0526588	0.0018245	1
28	28	155	0.0631339	0.00179601	2
28	28	165	0.0609559	0.00175523	3
28	28	175	0.0714833	0.00184013	4
28	28	185	0.101006	0.00213305	5
28	28	195	0.155902	0.00261137	6
28	28	205	0.240491	0.00322486	7
28	28	215	0.301072	0.00360575	8
28	28	225	0.285057	0.00350178	9
28	30	135	0.0808117	0.00198291	0
28	30	145	0.061716	0.00184945	1
28	30	155	0.0615507	0.00173339	2
28	30	165	0.0614439	0.00173007	3
28	30	175	0.0788422	0.00188356	4
28	30	185	0.121663	0.00228612	5
28	30	195	0.190663	0.00281774	6
28	30	205	0.250832	0.00320906	7
28	30	215	0.269232	0.0033185	8
28	30	225	0.208474	0.00293055	9
28	33	135	0.0716604	0.00285238	0
28	33	145	0.063711	0.00266477	1
28	33	155	0.0677079	0.00265962	2
28	33	165	0.0861267	0.00287109	3
28	33	175	0.111656	0.00327459	4
28	33	185	0.16748	0.00388035	5
28	33	195	0.234009	0.00455922	6
28	33	205	0.255569	0.00472019	7
28	33	215	0.195693	0.00414239	8
28	33	225	0.0973975	0.00309138	9
28	35	135	0.0766052	0.00339894	0
28	35	145	0.0681127	0.00321854	1
28	35	155	0.0659107	0.00310633	2
28	35	165	0.0925319	0.0035031	3
28	35	175	0.124227	0.00413714	4
28	35	185	0.178263	0.00486144	5
28	35	195	0.194899	0.00511547	6
28	35	205	0.190674	0.00498719	7
28	35	215	0.143522	0.00441759	8
30	15	145	0.0354652	0.00183041	1
30	15	155	0.0384902	0.0019976	2
30	15	165	0.0438754	0.00212421	3
30	15	175	0.0553573	0.00233106	4
30	15	185	0.0771268	0.00272027	5
30	15	195	0.107795	0.00309188	6
30	15	205	0.141418	0.00338895	7
30	15	215	0.194922	0.00389957	8
30	15	225	0.308768	0.00483236	9
30	18	135	0.027919	0.00148045	0
30	18	145	0.0441331	0.00182114	1
30	18	155	0.0401272	0.00182846	2
30	18	165	0.0438823	0.00189589	3
30	18	175	0.0594108	0.00211679	4
30	18	185	0.0715914	0.00224871	5
30	18	195	0.0921176	0.00251841	6
30	18	205	0.127323	0.00289255	7
30	18	215	0.198575	0.00357208	8
30	18	225	0.325218	0.00446717	9
30	20	135	0.0233289	0.00127071	0
30	20	145	0.0437188	0.00175133	1
30	20	155	0.0425461	0.00178145	2
30	20	165	0.0455781	0.00176466	3
30	20	175	0.0518191	0.00185873	4
30	20	185	0.058095	0.00190807	5
30	20	195	0.0731381	0.00209667	6
30	20	205	0.109588	0.0025112	7
30	20	215	0.157036	0.00301921	8
30	20	225	0.283809	0.00400001	9
30	25	135	0.0293776	0.00138633	0
30	25	145	0.0396171	0.00156635	1
30	25	155	0.0461192	0.00165484	2
30	25	165	0.0415855	0.00156544	3
30	25	175	0.0493909	0.0016124	4
30	25	185	0.056545	0.00166041	5
30	25	195	0.0806328	0.00193687	6
30	25	205	0.119754	0.00236655	7
30	25	215	0.193192	0.00297135	8
30	25	225	0.261126	0.00345246	9
30	28	135	0.044388	0.00160644	0
30	28	145	0.0421305	0.00152513	1
30	28	155	0.0521965	0.00159677	2
30	28	165	0.0542678	0.00158386	3
30	28	175	0.0587246	0.00163172	4
30	28	185	0.0835517	0.00188778	5
30	28	195	0.122194	0.00224575	6
30	28	205	0.191805	0.00280462	7
30	28	215	0.233912	0.00310584	8
30	28	225	0.139736	0.00243862	9
30	30	135	0.0439081	0.00160533	0
30	30	145	0.0441528	0.00154653	1
30	30	155	0.0458524	0.00146683	2
30	30	165	0.0518365	0.00150497	3
30	30	175	0.0625526	0.00164262	4
30	30	185	0.0856807	0.00188014	5
30	30	195	0.136722	0.00233501	6
30	30	205	0.191858	0.00273798	7
30	30	215	0.204179	0.00283412	8
30	30	225	0.123935	0.00221898	9
30	33	135	0.038245	0.00233401	0
30	33	145	0.0489009	0.00221856	1
30	33	155	0.0584606	0.00236029	2
30	33	165	0.0658788	0.00239197	3
30	33	175	0.101102	0.00294023	4
30	33	185	0.137703	0.00341341	5
30	33	195	0.198678	0.00403665	6
30	33	205	0.183322	0.00389289	7
30	33	215	0.150109	0.00352448	8
30	35	135	0.0471677	0.0028399	0
30	35	145	0.0530172	0.00273115	1
30	35	155	0.060521	0.00279794	2
30	35	165	0.0850896	0.00328974	3
30	35	175	0.107674	0.00380725	4
30	35	185	0.165266	0.00456744	5
30	35	195	0.186307	0.00474755	6
30	35	205	0.162451	0.004478	7
30	35	215	0.0957518	0.00345109	8
33	15	135	0.0431916	0.00285726	0
33	15	145	0.0276682	0.00286382	1
33	15	155	0.0427943	0.00331977	2
33	15	165	0.0475032	0.00358755	3
33	15	175	0.0640999	0.00398156	4
33	15	185	0.0765389	0.00436169	5
33	15	195	0.0874277	0.00444959	6
33	15	205	0.11773	0.00495571	7
33	15	215	0.185724	0.00590949	8
33	18	135	0.0367777	0.0028653	0
33	18	145	0.0344346	0.00286681	1
33	18	155	0.039856	0.00299543	2
33	18	165	0.0502001	0.00315122	3
33	18	175	0.0582972	0.0033742	4
33	18	185	0.0721651	0.00362693	5
33	18	195	0.0891361	0.00387243	6
33	18	205	0.131297	0.00464701	7
33	18	215	0.163534	0.0052468	8
33	20	135	0.0416385	0.00274543	0
33	20	145	0.0400853	0.00279935	1
33	20	155	0.0410309	0.00276689	2
33	20	165	0.0491532	0.00281449	3
33	20	175	0.0571873	0.00310684	4
33	20	185	0.0669472	0.00321557	5
33	20	195	0.0934919	0.00374788	6
33	20	205	0.133872	0.00443893	7
33	20	215	0.131195	0.00435645	8
33	25	135	0.0456768	0.00247851	0
33	25	145	0.0447565	0.00252674	1
33	25	155	0.0506031	0.00256727	2
33	25	165	0.0411353	0.00238652	3
33	25	175	0.0510343	0.00263278	4
33	25	185	0.0699615	0.0028371	5
33	25	195	0.0843144	0.00319859	6
33	25	205	0.124286	0.00387263	7
33	25	215	0.132841	0.00392038	8
33	28	135	0.0481727	0.0022481	0
33	28	145	0.0424059	0.00210985	1
33	28	155	0.0447042	0.00213454	2
33	28	165	0.0465934	0.00211163	3
33	28	175	0.0573739	0.00232958	4
33	28	185	0.0701211	0.00254665	5
33	28	195	0.109394	0.00314288	6
33	28	205	0.151985	0.00368716	7
33	28	215	0.0855954	0.00281148	8
33	30	135	0.0397603	0.00205489	0
33	30	145	0.0369052	0.00200067	1
33	30	155	0.0374698	0.0019338	2
33	30	165	0.052795	0.00219679	3
33	30	175	0.058224	0.00232303	4
33	30	185	0.0967171	0.00286694	5
33	30	195	0.125417	0.00324019	6
33	30	205	0.148334	0.00359779	7
33	33	135	0.0145371	0.00131475	0
33	33	145	0.0183783	0.00129834	1
33	33	155	0.0217472	0.00132391	2
33	33	165	0.025191	0.00145221	3
33	33	175	0.0310233	0.00158905	4
33	33	185	0.047456	0.00193254	5
33	33	195	0.064349	0.00221469	6
33	33	205	0.060516	0.00216563	7
33	35	135	0.00709913	0.00156948	0
33	35	145	0.00842821	0.00110679	1
33	35	155	0.00790941	0.00192058	2
33	35	165	0.0102119	0.00113425	3
33	35	175	0.0125745	0.00131776	4
33	35	185	0.0266936	0.00178069	5
33	35	195	0.0240935	0.00168779	6
33	35	205	0.0136807	0.00126578	7
35	15	135	0.0423804	0.00409808	0
35	15	145	0.0476502	0.00469192	1
35	15	155	0.0541384	0.00462895	2
35	15	165	0.0509083	0.00506844	3
35	15	175	0.0702154	0.00528804	4
35	15	185	0.0949101	0.00573384	5
35	15	195	0.098447	0.00583842	6
35	15	205	0.0577829	0.00493506	7
35	18	135	0.0494288	0.00390533	0
35	18	145	0.0464122	0.00391894	1
35	18	155	0.0475202	0.00415429	2
35	18	165	0.049185	0.00410947	3
35	18	175	0.0554268	0.00437754	4
35	18	185	0.0730421	0.00456236	5
35	18	195	0.0854019	0.00495531	6
35	18	205	0.121993	0.00574619	7
35	20	135	0.0293384	0.00333996	0
35	20	145	0.0413607	0.00364634	1
35	20	155	0.0481823	0.00358116	2
35	20	165	0.0492161	0.00380825	3
35	20	175	0.0590866	0.00396224	4
35	20	185	0.0733193	0.00435788	5
35	20	195	0.0942492	0.00483101	6
35	20	205	0.109113	0.00520161	7
35	25	135	0.0365753	0.00294958	0
35	25	145	0.0367641	0.00291862	1
35	25	155	0.0432525	0.00309943	2
35	25	165	0.0412026	0.00305787	3
35	25	175	0.055648	0.00334259	4
35	25	185	0.064194	0.0035776	5
35	25	195	0.0893788	0.00426204	6
35	25	205	0.103782	0.00448153	7
35	28	135	0.047864	0.00317771	0
35	28	145	0.0517976	0.00306044	1
35	28	155	0.0416032	0.00290525	2
35	28	165	0.0453537	0.00288809	3
35	28	175	0.0579001	0.00328981	4
35	28	185	0.074451	0.0035984	5
35	28	195	0.110551	0.00444505	6
35	28	205	0.103795	0.00417994	7
35	30	135	0.0408801	0.00245004	0
35	30	145	0.0436562	0.00249045	1
35	30	155	0.0441243	0.0025962	2
35	30	165	0.0544469	0.00274298	3
35	30	175	0.0663998	0.00298528	4
35	30	185	0.0821385	0.00327953	5
35	30	195	0.113459	0.00387943	6
35	30	205	0.0586975	0.0028171	7
35	33	135	0.00657599	0.00162088	0
35	33	145	0.0054259	0.00125125	1
35	33	155	0.00592733	0.00134003	2
35	33	165	0.0119002	0.001247	3
35	33	175	0.012855	0.00130906	4
35	33	185	0.0219622	0.0016532	5
35	33	195	0.0238748	0.00174501	6
35	35	135	0.00597325	0.00177168	0
35	35	145	0.00403751	0.00107121	1
35	35	155	0.00583503	0.00174381	2
35	35	165	0.00507848	0.00155737	3
35	35	175	0.0066532	0.00171141	4
35	35	185	0.0130862	0.00127207	5
35	35	195	0.0132885	0.00127949	6
15	15	185	0.0535433	0.00367595	5
15	15	195	0.0545144	0.00339069	6
15	15	205	0.0679113	0.00353858	7
15	15	215	0.0688761	0.00364524	8
15	15	225	0.08708	0.00388365	9
15	15	235	0.106182	0.00423054	10
15	15	245	0.131599	0.00458339	11
15	15	255	0.137158	0.00459645	12
15	15	265	0.161459	0.004877	13
15	15	275	0.179488	0.00512049	14
15	18	185	0.0703135	0.000114721	5
15	18	195	0.0660921	0.00337848	6
15	18	205	0.0726507	0.00343876	7
15	18	215	0.0858661	0.00360998	8
15	18	225	0.0880425	0.00365414	9
15	18	235	0.0948976	0.00368753	10
15	18	245	0.0917249	0.00356886	11
15	18	255	0.0932378	0.0034528	12
15	18	265	0.0933123	0.00342215	13
15	18	275	0.0892901	0.00338532	14
15	20	175	0.0969066	0.000649797	4
15	20	185	0.0664257	0.00342585	5
15	20	195	0.0803562	0.00342109	6
15	20	205	0.105613	0.0038235	7
15	20	215	0.11372	0.00387077	8
15	20	225	0.117543	0.00390936	9
15	20	235	0.126109	0.00390819	10
15	20	245	0.105523	0.00354413	11
15	20	255	0.0935845	0.00321292	12
15	20	265	0.0871183	0.00313575	13
15	20	275	0.0533346	0.00243688	14
15	25	175	0.232747	0.00426233	4
15	25	185	0.0897676	0.00348774	5
15	25	195	0.113299	0.00361232	6
15	25	205	0.151604	0.00393303	7
15	25	215	0.160644	0.00403898	8
15	25	225	0.170573	0.00412603	9
15	25	235	0.158168	0.0038654	10
15	25	245	0.125269	0.00345688	11
15	25	255	0.102641	0.00306701	12
15	25	265	0.0983819	0.00300179	13
15	25	275	0.05301	0.00219211	14
15	28	175	0.125706	0.00372977	4
15	28	185	0.129596	0.00365136	5
15	28	195	0.167748	0.00391622	6
15	28	205	0.183458	0.00411751	7
15	28	215	0.183357	0.00409849	8
15	28	225	0.158158	0.0037289	9
15	28	235	0.12736	0.00328843	10
15	28	245	0.100503	0.00291427	11
15	28	255	0.100846	0.002889	12
15	28	265	0.071122	0.00243663	13
15	30	165	0.199102	0.0035571	3
15	30	175	0.152829	0.0037125	4
15	30	185	0.142661	0.00362451	5
15	30	195	0.18272	0.00394317	6
15	30	205	0.171013	0.00383818	7
15	30	215	0.156202	0.00374603	8
15	30	225	0.134241	0.00339201	9
15	30	235	0.110085	0.00300615	10
15	30	245	0.0789393	0.0025595	11
15	30	255	0.0873969	0.00264697	12
15	33	165	0.158442	0.00543346	3
15	33	175	0.17034	0.00588315	4
15	33	185	0.161408	0.00571124	5
15	33	195	0.189931	0.00610579	6
15	33	205	0.158155	0.00594846	7
15	33	215	0.132211	0.00521078	8
15	33	225	0.113164	0.00470638	9
15	33	235	0.0684909	0.00382993	10
15	33	245	0.0583482	0.00360899	11
15	33	255	0.0507051	0.00306481	12
15	35	165	0.150781	0.00639985	3
15	35	175	0.173072	0.00695574	4
15	35	185	0.179694	0.00722333	5
15	35	195	0.153519	0.00678737	6
15	35	205	0.158874	0.00707059	7
15	35	215	0.128795	0.00617622	8
15	35	225	0.0734642	0.00508931	9
15	35	235	0.0513547	0.00432807	10
15	35	245	0.0593702	0.00403505	11
15	35	255	0.0443366	0.00341828	12
18	15	175	0.0659491	0.00339966	4
18	15	185	0.0468485	0.00264681	5
18	15	195	0.0503087	0.00280537	6
18	15	205	0.0507904	0.00280954	7
18	15	215	0.0727593	0.00332141	8
18	15	225	0.0977079	0.00366852	9
18	15	235	0.120353	0.00397718	10
18	15	245	0.13738	0.00415959	11
18	15	255	0.169079	0.0045815	12
18	15	265	0.189357	0.00480458	13
18	18	175	0.0654486	0.00316804	4
18	18	185	0.0503416	0.00282423	5
18	18	195	0.0470419	0.00249114	6
18	18	205	0.0518088	0.00255549	7
18	18	215	0.0542388	0.00261953	8
18	18	225	0.0580202	0.00270586	9
18	18	235	0.0708607	0.00282658	10
18	18	245	0.0716896	0.0028181	11
18	18	255	0.0841833	0.0029132	12
18	18	265	0.0881671	0.00298964	13
18	18	275	0.0482223	0.00226573	14
18	20	165	0.0675436	0.00287774	3
18	20	175	0.0515961	0.00287267	4
18	20	185	0.0479821	0.00248213	5
18	20	195	0.0476839	0.00248296	6
18	20	205	0.0587142	0.00265441	7
18	20	215	0.0646717	0.00267028	8
18	20	225	0.0738829	0.00279326	9
18	20	235	0.0735825	0.00268572	10
18	20	245	0.0803716	0.00277655	11
18	20	255	0.0740635	0.0026562	12
18	20	265	0.0610855	0.00239268	13
18	25	165	0.103599	0.00309215	3
18	25	175	0.054504	0.00133209	4
18	25	185	0.0616361	0.00245879	5
18	25	195	0.0776967	0.00268821	6
18	25	205	0.0982422	0.00285867	7
18	25	215	0.0954167	0.00286246	8
18	25	225	0.107857	0.00292414	9
18	25	235	0.0837146	0.00257502	10
18	25	245	0.0812414	0.00248065	11
18	25	255	0.0990882	0.00273528	12
18	28	165	0.112145	0.00300709	3
18	28	175	0.0659342	0.00251216	4
18	28	185	0.075546	0.00255341	5
18	28	195	0.105195	0.0028162	6
18	28	205	0.102664	0.00283775	7
18	28	215	0.105668	0.002783	8
18	28	225	0.106841	0.00276492	9
18	28	235	0.0942215	0.00254936	10
18	28	245	0.0790745	0.00238936	11
18	28	255	0.0943806	0.0025441	12
18	30	165	0.104088	0.00286952	3
18	30	175	0.0731302	0.00248252	4
18	30	185	0.0869938	0.00264664	5
18	30	195	0.108844	0.00283755	6
18	30	205	0.104874	0.00277616	7
18	30	215	0.105963	0.00271974	8
18	30	225	0.0912779	0.00253003	9
18	30	235	0.0762569	0.00227304	10
18	30	245	0.0699602	0.00223597	11
18	30	255	0.0626134	0.00206924	12
18	33	155	0.111589	0.00411293	2
18	33	165	0.0982216	0.00403373	3
18	33	175	0.085092	0.00394206	4
18	33	185	0.103794	0.00427202	5
18	33	195	0.106405	0.00425515	6
18	33	205	0.104702	0.00416291	7
18	33	215	0.0868644	0.00372695	8
18	33	225	0.0832413	0.00355057	9
18	33	235	0.0753816	0.00353844	10
18	33	245	0.0866358	0.00352313	11
18	35	155	0.132171	0.00537765	2
18	35	165	0.0826406	0.00470184	3
18	35	175	0.0818704	0.00479263	4
18	35	185	0.127124	0.0055276	5
18	35	195	0.0949999	0.00511909	6
18	35	205	0.0870831	0.00476807	7
18	35	215	0.0801926	0.00456898	8
18	35	225	0.0746163	0.00413867	9
18	35	235	0.0615411	0.00397614	10
18	35	245	0.0471107	0.00317575	11
20	15	165	0.0473531	0.0027827	3
20	15	175	0.053924	0.00274153	4
20	15	185	0.0407529	0.00254239	5
20	15	195	0.0413681	0.00259961	6
20	15	205	0.0538002	0.00290066	7
20	15	215	0.0735384	0.00315738	8
20	15	225	0.100633	0.00360632	9
20	15	235	0.124766	0.00376411	10
20	15	245	0.140769	0.00400103	11
20	15	255	0.16759	0.0043253	12
20	15	265	0.100688	0.0033566	13
20	18	175	0.0662205	0.0030196	4
20	18	185	0.0499964	0.00251481	5
20	18	195	0.0438896	0.00236144	6
20	18	205	0.0394062	0.00224174	7
20	18	215	0.0412971	0.00225172	8
20	18	225	0.0558892	0.00250952	9
20	18	235	0.0568913	0.0024575	10
20	18	245	0.0713857	0.00263516	11
20	18	255	0.0791481	0.00273867	12
20	18	265	0.0857787	0.00279251	13
20	20	165	0.0635183	0.00279585	3
20	20	175	0.0466683	0.00230991	4
20	20	185	0.0345892	0.00217124	5
20	20	195	0.0333304	0.00201996	6
20	20	205	0.0399166	0.00209945	7
20	20	215	0.0514907	0.00228154	8
20	20	225	0.0502011	0.00220532	9
20	20	235	0.0592733	0.00229579	10
20	20	245	0.0657655	0.00239102	11
20	20	255	0.0699479	0.00242657	12
20	25	155	0.0678907	0.0023826	2
20	25	165	0.0588023	0.00243928	3
20	25	175	0.0487107	0.00218703	4
20	25	185	0.0498195	0.00210107	5
20	25	195	0.0591943	0.00219666	6
20	25	205	0.0681704	0.00233059	7
20	25	215	0.070362	0.00230022	8
20	25	225	0.0683215	0.0022445	9
20	25	235	0.0718512	0.00224619	10
20	25	245	0.0801783	0.002354	11
20	25	255	0.0481741	0.0018654	12
20	28	165	0.0811336	0.00253664	3
20	28	175	0.0524782	0.00212293	4
20	28	185	0.0617015	0.00220464	5
20	28	195	0.0695876	0.00230829	6
20	28	205	0.0842255	0.00238241	7
20	28	215	0.0863545	0.00237073	8
20	28	225	0.0824162	0.00230049	9
20	28	235	0.0793406	0.00221992	10
20	28	245	0.0914625	0.00238613	11
20	30	155	0.0932607	0.00238818	2
20	30	165	0.0761421	0.00241534	3
20	30	175	0.0569806	0.00212298	4
20	30	185	0.0668942	0.00221423	5
20	30	195	0.0696614	0.00218393	6
20	30	205	0.0806081	0.00227299	7
20	30	215	0.0798684	0.00227518	8
20	30	225	0.0701588	0.00209089	9
20	30	235	0.0715883	0.00209555	10
20	30	245	0.0875476	0.00231785	11
20	33	155	0.11545	0.00395385	2
20	33	165	0.0641361	0.00337801	3
20	33	175	0.0744357	0.00351891	4
20	33	185	0.0816772	0.00361489	5
20	33	195	0.072786	0.00347741	6
20	33	205	0.0681641	0.00334193	7
20	33	215	0.0644733	0.00321646	8
20	33	225	0.0728809	0.00323263	9
20	33	235	0.06102	0.00299082	10
20	33	245	0.0574208	0.00273156	11
20	35	155	0.10556	0.00458831	2
20	35	165	0.0654592	0.00412827	3
20	35	175	0.0735218	0.00426512	4
20	35	185	0.0626746	0.00425722	5
20	35	195	0.0730434	0.0044092	6
20	35	205	0.0795861	0.00440026	7
20	35	215	0.0546053	0.0036981	8
20	35	225	0.0586691	0.00347525	9
20	35	235	0.0732598	0.00376902	10
25	15	155	0.044672	0.00220711	2
25	15	165	0.0515406	0.00246592	3
25	15	175	0.0486867	0.0024347	4
25	15	185	0.0472468	0.00243253	5
25	15	195	0.0563359	0.00264276	6
25	15	205	0.0732642	0.00829554	7
25	15	215	0.0854582	0.00297238	8
25	15	225	0.0939757	0.00300718	9
25	15	235	0.105523	0.00314222	10
25	15	245	0.0921837	0.00294263	11
25	18	155	0.052281	0.0022265	2
25	18	165	0.0521812	0.00225207	3
25	18	175	0.0395374	0.00207886	4
25	18	185	0.0373347	0.00197795	5
25	18	195	0.0365161	0.00194775	6
25	18	205	0.0439038	0.0020094	7
25	18	215	0.0489133	0.00200084	8
25	18	225	0.0476791	0.00193764	9
25	18	235	0.0638988	0.00220557	10
25	20	155	0.0556811	0.002155	2
25	20	165	0.046731	0.00203128	3
25	20	175	0.0386584	0.0019779	4
25	20	185	0.0418698	0.00196213	5
25	20	195	0.0357444	0.00185816	6
25	20	205	0.040301	0.00186978	7
25	20	215	0.038501	0.0017487	8
25	20	225	0.0434983	0.00176245	9
25	20	235	0.0489398	0.00186042	10
25	20	245	0.0261782	0.00133297	11
25	25	155	0.0497241	0.00193604	2
25	25	165	0.048284	0.0018966	3
25	25	175	0.0412672	0.00175199	4
25	25	185	0.0393963	0.00169086	5
25	25	195	0.0418573	0.00167155	6
25	25	205	0.0424629	0.00164302	7
25	25	215	0.0421627	0.0016285	8
25	25	225	0.0477136	0.00165703	9
25	25	235	0.0686591	0.00196049	10
25	28	145	0.0594868	0.00195983	1
25	28	155	0.0545404	0.00188492	2
25	28	165	0.0458579	0.00179741	3
25	28	175	0.0481605	0.00179684	4
25	28	185	0.0416413	0.00164145	5
25	28	195	0.0468433	0.00170086	6
25	28	205	0.0539338	0.00173916	7
25	28	215	0.0548753	0.001704	8
25	28	225	0.0731465	0.00191605	9
25	28	235	0.0655899	0.00181804	10
25	30	145	0.0586397	0.00204216	1
25	30	155	0.0539815	0.00181969	2
25	30	165	0.0462583	0.00166123	3
25	30	175	0.0437223	0.00164261	4
25	30	185	0.0421632	0.00157612	5
25	30	195	0.0499287	0.00166478	6
25	30	205	0.0572738	0.00170893	7
25	30	215	0.0624809	0.00175998	8
25	30	225	0.0878211	0.00206346	9
25	33	135	0.0465535	0.00229203	0
25	33	145	0.0592107	0.00286017	1
25	33	155	0.0541813	0.00281719	2
25	33	165	0.0477756	0.00276227	3
25	33	175	0.0570033	0.00282146	4
25	33	185	0.0514236	0.00265313	5
25	33	195	0.0528695	0.00258323	6
25	33	205	0.060567	0.00264726	7
25	33	215	0.0695609	0.00277791	8
25	33	225	0.0771518	0.0027151	9
25	35	135	0.0614731	0.00336071	0
25	35	145	0.0586568	0.00351313	1
25	35	155	0.0583594	0.00358187	2
25	35	165	0.0683414	0.0036766	3
25	35	175	0.0503494	0.00340566	4
25	35	185	0.0541845	0.00333253	5
25	35	195	0.0558118	0.0032272	6
25	35	205	0.0557441	0.00306233	7
25	35	215	0.0760845	0.00347546	8
25	35	225	0.0410719	0.00245467	9
28	15	145	0.0349696	0.00178162	1
28	15	155	0.0471941	0.0021656	2
28	15	165	0.0475105	0.00234065	3
28	15	175	0.0451375	0.0022985	4
28	15	185	0.0553309	0.0024874	5
28	15	195	0.0559814	0.0025353	6
28	15	205	0.0680186	0.0026547	7
28	15	215	0.0735263	0.00265335	8
28	15	225	0.0798736	0.0026432	9
28	15	235	0.0605001	0.00222539	10
28	18	145	0.0527654	0.00198509	1
28	18	155	0.0450862	0.0020148	2
28	18	165	0.0406606	0.00192526	3
28	18	175	0.04551	0.00206362	4
28	18	185	0.0335913	0.00190892	5
28	18	195	0.0426009	0.00197894	6
28	18	205	0.0441209	0.00187254	7
28	18	215	0.0490969	0.00189926	8
28	18	225	0.048586	0.00184504	9
28	20	145	0.0443157	0.00172958	1
28	20	155	0.0477785	0.00191916	2
28	20	165	0.0414157	0.00189943	3
28	20	175	0.0428787	0.0018568	4
28	20	185	0.0359868	0.00175167	5
28	20	195	0.0394354	0.00180057	6
28	20	205	0.0416598	0.00174316	7
28	20	215	0.0396881	0.00162574	8
28	20	225	0.0397393	0.0015991	9
28	20	235	0.0272975	0.00131789	10
28	25	135	0.0341663	0.00139925	0
28	25	145	0.0491868	0.00176394	1
28	25	155	0.04915	0.00178959	2
28	25	165	0.0419866	0.00170137	3
28	25	175	0.0387026	0.00161153	4
28	25	185	0.0428983	0.00161198	5
28	25	195	0.0387285	0.00154286	6
28	25	205	0.0468085	0.00156491	7
28	25	215	0.0534159	0.0016725	8
28	25	225	0.0515909	0.00163061	9
28	28	135	0.0439525	0.00161074	0
28	28	145	0.0526305	0.00175162	1
28	28	155	0.0462198	0.00168149	2
28	28	165	0.0448349	0.00166415	3
28	28	175	0.043083	0.00158828	4
28	28	185	0.041679	0.00154396	5
28	28	195	0.0519589	0.00161125	6
28	28	205	0.0550236	0.00162708	7
28	28	215	0.0786034	0.0018917	8
28	30	135	0.0445389	0.00162662	0
28	30	145	0.049492	0.00168187	1
28	30	155	0.0421032	0.00157746	2
28	30	165	0.0426822	0.00158149	3
28	30	175	0.0490328	0.0016097	4
28	30	185	0.0488172	0.00151094	5
28	30	195	0.0516472	0.00155501	6
28	30	205	0.0625516	0.00167388	7
28	30	215	0.0820981	0.00189998	8
28	33	135	0.0529928	0.00251366	0
28	33	145	0.0526788	0.00263276	1
28	33	155	0.0534865	0.00266696	2
28	33	165	0.0515064	0.00253399	3
28	33	175	0.055692	0.00253921	4
28	33	185	0.0510957	0.00241364	5
28	33	195	0.0607705	0.00249093	6
28	33	205	0.0668989	0.00259359	7
28	33	215	0.0865669	0.00277976	8
28	35	135	0.0465976	0.00315051	0
28	35	145	0.0628629	0.00335218	1
28	35	155	0.0622089	0.0030977	2
28	35	165	0.0549713	0.00304413	3
28	35	175	0.0608768	0.00308151	4
28	35	185	0.0552801	0.00296526	5
28	35	195	0.0588328	0.00306355	6
28	35	205	0.0718266	0.00321024	7
30	15	145	0.0377696	0.00184853	1
30	15	155	0.0335498	0.00192924	2
30	15	165	0.0342129	0.00209158	3
30	15	175	0.0423166	0.00216625	4
30	15	185	0.0498487	0.00660262	5
30	15	195	0.0547828	0.00235639	6
30	15	205	0.0552315	0.00236797	7
30	15	215	0.05578	0.00223413	8
30	15	225	0.0549082	0.00214547	9
30	18	135	0.0221646	0.00129604	0
30	18	145	0.0374886	0.00172533	1
30	18	155	0.0364783	0.00184617	2
30	18	165	0.037484	0.00178325	3
30	18	175	0.0371947	0.00185608	4
30	18	185	0.0431322	0.00194304	5
30	18	195	0.0329199	0.00171341	6
30	18	205	0.0392552	0.00170939	7
30	18	215	0.040494	0.00170994	8
30	18	225	0.0242164	0.00130336	9
30	20	135	0.0436188	0.00168686	0
30	20	145	0.0385229	0.00169948	1
30	20	155	0.0367216	0.00172119	2
30	20	165	0.0384422	0.00177033	3
30	20	175	0.0359899	0.001703	4
30	20	185	0.0361158	0.0016461	5
30	20	195	0.0364559	0.00156592	6
30	20	205	0.034634	0.00152051	7
30	20	215	0.0374039	0.00154329	8
30	25	135	0.032775	0.00133118	0
30	25	145	0.0400409	0.00152361	1
30	25	155	0.0408485	0.00158354	2
30	25	165	0.0425862	0.00157761	3
30	25	175	0.0389724	0.00153414	4
30	25	185	0.036326	0.00145306	5
30	25	195	0.0369808	0.00143053	6
30	25	205	0.0401275	0.00144162	7
30	25	215	0.054708	0.00164242	8
30	28	135	0.0398141	0.00149585	0
30	28	145	0.0411493	0.00153023	1
30	28	155	0.0394434	0.00151237	2
30	28	165	0.0380667	0.00146801	3
30	28	175	0.0406763	0.00149332	4
30	28	185	0.0446705	0.00146136	5
30	28	195	0.0512127	0.00152255	6
30	28	205	0.0625268	0.0016634	7
30	28	215	0.0410168	0.00135047	8
30	30	135	0.0410097	0.00148443	0
30	30	145	0.0405633	0.00150878	1
30	30	155	0.0388301	0.00144853	2
30	30	165	0.0388798	0.00143883	3
30	30	175	0.0423209	0.00143213	4
30	30	185	0.0495076	0.00147376	5
30	30	195	0.056308	0.00157374	6
30	30	205	0.0698916	0.00172296	7
30	33	135	0.0397725	0.00211862	0
30	33	145	0.0302603	0.00204661	1
30	33	155	0.0349638	0.00202384	2
30	33	165	0.0391711	0.00206221	3
30	33	175	0.0403202	0.00209733	4
30	33	185	0.0523202	0.00221359	5
30	33	195	0.054109	0.00233692	6
30	33	205	0.0553384	0.00223402	7
30	35	135	0.0905321	0.00285408	0
30	35	145	0.0320024	0.00248645	1
30	35	155	0.0443359	0.00269038	2
30	35	165	0.0345495	0.00252495	3
30	35	175	0.0389528	0.00234034	4
30	35	185	0.0452908	0.00259205	5
30	35	195	0.0509169	0.00269388	6
30	35	205	0.0459362	0.00230944	7
33	15	135	0.0344172	0.00307139	0
33	15	145	0.031503	0.00322112	1
33	15	155	0.0474078	0.00372765	2
33	15	165	0.0545204	0.00388029	3
33	15	175	0.0452871	0.00360525	4
33	15	185	0.0507373	0.00367187	5
33	15	195	0.0578524	0.00370239	6
33	15	205	0.0263743	0.00305811	7
33	18	135	0.0275106	0.0024411	0
33	18	145	0.0368505	0.0029465	1
33	18	155	0.0404196	0.00308332	2
33	18	165	0.0406999	0.00311666	3
33	18	175	0.0393323	0.00320781	4
33	18	185	0.0482416	0.00316071	5
33	18	195	0.0422212	0.00292057	6
33	18	205	0.0420801	0.0027473	7
33	18	215	0.0180481	0.00222668	8
33	20	135	0.0429168	0.00280596	0
33	20	145	0.0408152	0.0028623	1
33	20	155	0.037916	0.00300264	2
33	20	165	0.0427595	0.00303455	3
33	20	175	0.0338877	0.00277278	4
33	20	185	0.0398235	0.00275564	5
33	20	195	0.0405541	0.00258733	6
33	20	205	0.037492	0.00249767	7
33	25	135	0.0365798	0.0024396	0
33	25	145	0.0453573	0.00273529	1
33	25	155	0.036836	0.00247103	2
33	25	165	0.0435769	0.00259681	3
33	25	175	0.045159	0.00248972	4
33	25	185	0.0453433	0.00245108	5
33	25	195	0.0508107	0.00256597	6
33	25	205	0.0528782	0.002536	7
33	28	135	0.0432967	0.00229646	0
33	28	145	0.0416935	0.00224201	1
33	28	155	0.0433716	0.00222252	2
33	28	165	0.040213	0.00215684	3
33	28	175	0.0454148	0.00214752	4
33	28	185	0.0518046	0.00221962	5
33	28	195	0.0604593	0.00239517	6
33	30	135	0.0251032	0.00190803	0
33	30	145	0.0330021	0.00202749	1
33	30	155	0.0308301	0.00194833	2
33	30	165	0.037573	0.00201954	3
33	30	175	0.0389881	0.00204824	4
33	30	185	0.0438935	0.00216426	5
33	30	195	0.0589697	0.00232474	6
33	33	135	0.00013008	7.37197e-05	0
33	33	145	0.000360577	0.000256155	1
33	33	155	5.14141e-05	-0	2
33	33	165	6.73168e-05	0.000133541	3
33	33	175	4.22433e-05	0.000106985	4
33	33	185	0.000221741	0.000155727	5
33	33	195	0.000339234	0.000208735	6
33	35	135	0	-nan	0
33	35	145	0	-nan	1
33	35	155	0	-nan	2
33	35	165	0	-nan	3
33	35	175	0	-nan	4
33	35	185	0	-nan	5
35	15	135	0.0414321	0.00444633	0
35	15	145	0.0370046	0.00450873	1
35	15	155	0.0584361	0.00503908	2
35	15	165	0.0698194	0.00511134	3
35	15	175	0.0687365	0.00534503	4
35	15	185	0.0464138	0.00440797	5
35	15	195	0.0500081	0.00434963	6
35	18	135	0.0330886	0.00375115	0
35	18	145	0.0299039	0.00360999	1
35	18	155	0.0432266	0.00392649	2
35	18	165	0.0414917	0.00406809	3
35	18	175	0.0389388	0.00376197	4
35	18	185	0.0345513	0.00334183	5
35	18	195	0.034023	0.00328409	6
35	20	135	0.0340139	0.00352261	0
35	20	145	0.0327358	0.00360978	1
35	20	155	0.037728	0.00387775	2
35	20	165	0.0478698	0.00400865	3
35	20	175	0.0398591	0.00373438	4
35	20	185	0.0334004	0.00332714	5
35	20	195	0.0380072	0.00329058	6
35	20	205	0.0212546	0.00244768	7
35	25	135	0.0350997	0.00329187	0
35	25	145	0.0404641	0.00318139	1
35	25	155	0.0419733	0.00334984	2
35	25	165	0.0502696	0.00340991	3
35	25	175	0.0409804	0.00310101	4
35	25	185	0.0550054	0.00335835	5
35	25	195	0.0518682	0.00317765	6
35	28	135	0.0438743	0.00312631	0
35	28	145	0.0531815	0.00332932	1
35	28	155	0.0539068	0.00323893	2
35	28	165	0.0527345	0.0032276	3
35	28	175	0.0504413	0.00315042	4
35	28	185	0.0668284	0.00344079	5
35	28	195	0.0300299	0.00253761	6
35	30	135	0.0239721	0.00228352	0
35	30	145	0.0275564	0.00246595	1
35	30	155	0.0299681	0.00226997	2
35	30	165	0.0377047	0.00248599	3
35	30	175	0.0370197	0.00244477	4
35	30	185	0.0476822	0.00277566	5
35	30	195	0.0530297	0.0023043	6
35	33	135	0	-nan	0
35	33	145	0	-nan	1
35	33	155	0	-nan	2
35	33	165	0	-nan	3
35	33	175	0	-nan	4
35	33	185	0	-nan	5
35	35	135	0	-nan	0
35	35	145	0	-nan	1
35	35	155	0	-nan	2
35	35	165	0	-nan	3
35	35	175	0	-nan	4
35	35	185	0	-nan	5
