15	15	185	0.0408848	0.0034012	5
15	15	195	0.0534205	0.00299916	6
15	15	205	0.0665567	0.00339885	7
15	15	215	0.0721157	0.00348525	8
15	15	225	0.100389	0.00409448	9
15	15	235	0.129281	0.00456762	10
15	15	245	0.181406	0.00535517	11
15	15	255	0.229813	0.00601395	12
15	15	265	0.352006	0.00734781	13
15	15	275	0.585448	0.0095378	14
15	18	185	0.0438677	0.00319756	5
15	18	195	0.0667398	0.00316718	6
15	18	205	0.105525	0.00378025	7
15	18	215	0.109581	0.0039079	8
15	18	225	0.118348	0.00401184	9
15	18	235	0.125294	0.00418636	10
15	18	245	0.144516	0.0043806	11
15	18	255	0.154445	0.00450335	12
15	18	265	0.206552	0.0051396	13
15	18	275	0.274979	0.00597593	14
15	20	185	0.066939	0.00349115	5
15	20	195	0.0929002	0.00372865	6
15	20	205	0.122484	0.00394195	7
15	20	215	0.153084	0.00436316	8
15	20	225	0.172003	0.00460376	9
15	20	235	0.168044	0.00456099	10
15	20	245	0.174192	0.00457152	11
15	20	255	0.18163	0.00461863	12
15	20	265	0.191571	0.00471504	13
15	20	275	0.206747	0.0048937	14
15	25	175	0.117071	0.00371395	4
15	25	185	0.174305	0.00436772	5
15	25	195	0.241898	0.00496531	6
15	25	205	0.32507	0.00561886	7
15	25	215	0.3502	0.00576741	8
15	25	225	0.339445	0.00572534	9
15	25	235	0.318745	0.00547437	10
15	25	245	0.257777	0.00492582	11
15	25	255	0.206778	0.00441385	12
15	25	265	0.145261	0.00368491	13
15	25	275	0.0823904	0.00277766	14
15	28	175	0.237138	0.00486985	4
15	28	185	0.316136	0.00541813	5
15	28	195	0.400388	0.00593696	6
15	28	205	0.472439	0.00635239	7
15	28	215	0.468979	0.00632073	8
15	28	225	0.421446	0.00600808	9
15	28	235	0.334172	0.00534913	10
15	28	245	0.239725	0.00451372	11
15	28	255	0.16077	0.00368486	12
15	28	265	0.119403	0.00317178	13
15	30	165	0.168292	0.00380638	3
15	30	175	0.295374	0.00518369	4
15	30	185	0.418216	0.00594454	5
15	30	195	0.498639	0.00635565	6
15	30	205	0.507565	0.00641929	7
15	30	215	0.472184	0.0061803	8
15	30	225	0.379755	0.0055428	9
15	30	235	0.260943	0.00472047	10
15	30	245	0.175027	0.0037395	11
15	30	255	0.114997	0.00304637	12
15	30	265	0.0996302	0.00277901	13
15	33	165	0.261148	0.00682457	3
15	33	175	0.421925	0.00867199	4
15	33	185	0.532368	0.00964272	5
15	33	195	0.548169	0.00966329	6
15	33	205	0.51817	0.00940439	7
15	33	215	0.396486	0.00828777	8
15	33	225	0.289258	0.00704486	9
15	33	235	0.165613	0.00538699	10
15	33	245	0.0953444	0.00409236	11
15	33	255	0.0699549	0.0035254	12
15	33	265	0.0434182	0.00291261	13
15	35	165	0.382419	0.0100447	3
15	35	175	0.524375	0.0119256	4
15	35	185	0.617719	0.0124913	5
15	35	195	0.589704	0.0121903	6
15	35	205	0.494119	0.0111859	7
15	35	215	0.354349	0.00946992	8
15	35	225	0.205898	0.00730326	9
15	35	235	0.121388	0.00572649	10
15	35	245	0.0721973	0.00428737	11
15	35	255	0.0552407	0.00384841	12
18	15	175	0.0397263	0.00266362	4
18	15	185	0.0434592	0.00247633	5
18	15	195	0.0450586	0.00252278	6
18	15	205	0.0627311	0.00292357	7
18	15	215	0.0899204	0.00347555	8
18	15	225	0.140703	0.00427052	9
18	15	235	0.212407	0.00525901	10
18	15	245	0.315905	0.00636005	11
18	15	255	0.489585	0.00796446	12
18	15	265	0.952465	0.0110107	13
18	15	275	0.824089	0.0105483	14
18	18	175	0.0476215	0.00260654	4
18	18	185	0.0389077	0.00221768	5
18	18	195	0.0461705	0.00233208	6
18	18	205	0.0581437	0.00257557	7
18	18	215	0.0704607	0.0028433	8
18	18	225	0.0999424	0.0033141	9
18	18	235	0.12436	0.00369233	10
18	18	245	0.183589	0.00443652	11
18	18	255	0.282134	0.00551284	12
18	18	265	0.480726	0.00715918	13
18	18	275	0.499687	0.00733251	14
18	20	175	0.0478366	0.00258729	4
18	20	185	0.0392445	0.00224211	5
18	20	195	0.050217	0.00241032	6
18	20	205	0.0743463	0.00274048	7
18	20	215	0.0957282	0.00311355	8
18	20	225	0.114177	0.00342085	9
18	20	235	0.144903	0.00375415	10
18	20	245	0.190278	0.00434568	11
18	20	255	0.269857	0.00512095	12
18	20	265	0.379045	0.00605562	13
18	20	275	0.294521	0.00531966	14
18	25	165	0.0617782	0.00256697	3
18	25	175	0.0689665	0.00264545	4
18	25	185	0.111085	0.00315654	5
18	25	195	0.173122	0.00374382	6
18	25	205	0.228759	0.00425309	7
18	25	215	0.291886	0.0048016	8
18	25	225	0.325765	0.00505278	9
18	25	235	0.348545	0.00524958	10
18	25	245	0.353715	0.00524398	11
18	25	255	0.289383	0.00474922	12
18	25	265	0.176307	0.00376635	13
18	28	165	0.0931425	0.00274471	3
18	28	175	0.134815	0.00324034	4
18	28	185	0.208934	0.00394209	5
18	28	195	0.327174	0.00483587	6
18	28	205	0.414716	0.00543926	7
18	28	215	0.4852	0.00584607	8
18	28	225	0.475718	0.0057757	9
18	28	235	0.425359	0.00545189	10
18	28	245	0.318809	0.00471277	11
18	28	255	0.209992	0.00383901	12
18	28	265	0.0921795	0.00256175	13
18	30	165	0.115234	0.00303589	3
18	30	175	0.188898	0.00378065	4
18	30	185	0.303423	0.00456705	5
18	30	195	0.442923	0.00547297	6
18	30	205	0.560334	0.00613896	7
18	30	215	0.548524	0.00606574	8
18	30	225	0.481039	0.00565655	9
18	30	235	0.366386	0.00492758	10
18	30	245	0.225576	0.00387	11
18	30	255	0.152853	0.00318497	12
18	33	155	0.0901662	0.00364447	2
18	33	165	0.178336	0.005228	3
18	33	175	0.311346	0.00666844	4
18	33	185	0.479745	0.00830934	5
18	33	195	0.621632	0.0093823	6
18	33	205	0.642942	0.0095561	7
18	33	215	0.557969	0.00891405	8
18	33	225	0.395448	0.0075522	9
18	33	235	0.22785	0.00566921	10
18	33	245	0.129162	0.00431419	11
18	33	255	0.108804	0.00387416	12
18	35	155	0.127085	0.00532139	2
18	35	165	0.228039	0.00723008	3
18	35	175	0.407242	0.00935191	4
18	35	185	0.605724	0.0112698	5
18	35	195	0.687024	0.0121526	6
18	35	205	0.65573	0.0117365	7
18	35	215	0.499557	0.0102573	8
18	35	225	0.283121	0.00772836	9
18	35	235	0.148568	0.00573627	10
18	35	245	0.0889214	0.00437027	11
18	35	255	0.0615956	0.00358613	12
20	15	165	0.0323576	0.00225052	3
20	15	175	0.0377795	0.00217221	4
20	15	185	0.0373635	0.00213904	5
20	15	195	0.0457767	0.00246982	6
20	15	205	0.0655566	0.0028955	7
20	15	215	0.10646	0.00368775	8
20	15	225	0.168662	0.00447938	9
20	15	235	0.272727	0.00562544	10
20	15	245	0.423678	0.00705697	11
20	15	255	0.778458	0.00960136	12
20	15	265	1.65943	0.0137346	13
20	18	165	0.0304073	0.00200539	3
20	18	175	0.0361075	0.00224616	4
20	18	185	0.0345895	0.00206971	5
20	18	195	0.0367879	0.00203306	6
20	18	205	0.0498313	0.00227326	7
20	18	215	0.0722036	0.00270185	8
20	18	225	0.0962842	0.00306728	9
20	18	235	0.148074	0.00381739	10
20	18	245	0.25449	0.00494509	11
20	18	255	0.474599	0.00680598	12
20	18	265	1.03349	0.00993794	13
20	20	165	0.0334546	0.00200628	3
20	20	175	0.0356013	0.00210191	4
20	20	185	0.0327037	0.00186147	5
20	20	195	0.0438755	0.00203672	6
20	20	205	0.0550971	0.00226583	7
20	20	215	0.0800718	0.00269973	8
20	20	225	0.104977	0.00304394	9
20	20	235	0.150008	0.00362422	10
20	20	245	0.246423	0.0046364	11
20	20	255	0.431709	0.00617352	12
20	20	265	0.690334	0.00774645	13
20	25	165	0.0490531	0.00223971	3
20	25	175	0.0491868	0.00207259	4
20	25	185	0.0789436	0.00244609	5
20	25	195	0.128753	0.00306247	6
20	25	205	0.185729	0.00365364	7
20	25	215	0.253025	0.00429233	8
20	25	225	0.342413	0.00491078	9
20	25	235	0.434099	0.00552471	10
20	25	245	0.472206	0.00574857	11
20	25	255	0.388409	0.00520508	12
20	28	155	0.0463274	0.00198406	2
20	28	165	0.0665655	0.00233748	3
20	28	175	0.0911408	0.00255334	4
20	28	185	0.158667	0.00322572	5
20	28	195	0.256154	0.00407226	6
20	28	205	0.381331	0.00492096	7
20	28	215	0.487528	0.00557511	8
20	28	225	0.57208	0.00601398	9
20	28	235	0.543459	0.0058565	10
20	28	245	0.410727	0.00508043	11
20	28	255	0.242806	0.00391193	12
20	30	155	0.0814574	0.00237914	2
20	30	165	0.0832587	0.00243982	3
20	30	175	0.138196	0.0030443	4
20	30	185	0.241118	0.00387378	5
20	30	195	0.400364	0.00495444	6
20	30	205	0.53117	0.00569448	7
20	30	215	0.627257	0.00616272	8
20	30	225	0.605334	0.00602843	9
20	30	235	0.475858	0.00530543	10
20	30	245	0.280966	0.00408274	11
20	30	255	0.137672	0.00286059	12
20	33	155	0.0997156	0.00371601	2
20	33	165	0.143421	0.00443422	3
20	33	175	0.238848	0.00560994	4
20	33	185	0.410892	0.0073148	5
20	33	195	0.600407	0.00878938	6
20	33	205	0.71683	0.00957596	7
20	33	215	0.688157	0.00936119	8
20	33	225	0.488347	0.00790963	9
20	33	235	0.297616	0.00611862	10
20	33	245	0.142586	0.00425472	11
20	33	255	0.098723	0.00308881	12
20	35	155	0.108869	0.00476356	2
20	35	165	0.165725	0.00583542	3
20	35	175	0.341307	0.00810944	4
20	35	185	0.55303	0.0102452	5
20	35	195	0.762912	0.0120277	6
20	35	205	0.813871	0.0123887	7
20	35	215	0.652945	0.011114	8
20	35	225	0.391815	0.00869031	9
20	35	235	0.187762	0.00595593	10
20	35	245	0.0903374	0.00429171	11
25	15	155	0.0281277	0.00172767	2
25	15	165	0.0356501	0.00184315	3
25	15	175	0.0321337	0.0018641	4
25	15	185	0.0426898	0.00213004	5
25	15	195	0.0689354	0.00260722	6
25	15	205	0.104298	0.00315321	7
25	15	215	0.162691	0.00390695	8
25	15	225	0.261557	0.0049579	9
25	15	235	0.479477	0.00678341	10
25	15	245	1.43858	0.0115016	11
25	18	155	0.0251402	0.0015471	2
25	18	165	0.0341882	0.00176472	3
25	18	175	0.030065	0.0016178	4
25	18	185	0.037464	0.00174147	5
25	18	195	0.0439874	0.00189566	6
25	18	205	0.064592	0.00228117	7
25	18	215	0.098855	0.00282141	8
25	18	225	0.163143	0.00357821	9
25	18	235	0.316308	0.00501481	10
25	18	245	0.86854	0.00826775	11
25	18	255	1.30742	0.0101013	12
25	20	155	0.030066	0.00163532	2
25	20	165	0.0325063	0.00155958	3
25	20	175	0.0312748	0.00158813	4
25	20	185	0.0380495	0.00170171	5
25	20	195	0.0515949	0.00196331	6
25	20	205	0.073933	0.00233013	7
25	20	215	0.130855	0.00304148	8
25	20	225	0.263971	0.00436537	9
25	20	235	0.679874	0.00695999	10
25	20	245	1.59008	0.0105175	11
25	25	155	0.0314435	0.00159863	2
25	25	165	0.0314153	0.00145083	3
25	25	175	0.0371469	0.00150989	4
25	25	185	0.0465157	0.00167079	5
25	25	195	0.0719878	0.00205759	6
25	25	205	0.132862	0.00276702	7
25	25	215	0.264006	0.00389537	8
25	25	225	0.560422	0.00565897	9
25	25	235	1.12327	0.00795907	10
25	25	245	1.08166	0.00779463	11
25	28	145	0.0385479	0.00169323	1
25	28	155	0.0328371	0.00149579	2
25	28	165	0.0440364	0.00157001	3
25	28	175	0.0654006	0.00186977	4
25	28	185	0.113133	0.00243995	5
25	28	195	0.22633	0.00342019	6
25	28	205	0.457264	0.00485307	7
25	28	215	0.87225	0.00668258	8
25	28	225	1.29377	0.00809051	9
25	28	235	1.01828	0.00717395	10
25	30	145	0.0300261	0.00149785	1
25	30	155	0.0363548	0.00160301	2
25	30	165	0.0391544	0.00150438	3
25	30	175	0.0689287	0.00188067	4
25	30	185	0.130809	0.00257507	5
25	30	195	0.255946	0.00358518	6
25	30	205	0.530273	0.00513682	7
25	30	215	0.995605	0.00697714	8
25	30	225	1.32051	0.00795078	9
25	30	235	0.961208	0.00675826	10
25	30	245	0.273435	0.00364682	11
25	33	145	0.0432023	0.00245613	1
25	33	155	0.048876	0.00249769	2
25	33	165	0.0799666	0.00291177	3
25	33	175	0.158218	0.00414313	4
25	33	185	0.365273	0.00619262	5
25	33	195	0.763244	0.00893541	6
25	33	205	1.28665	0.0114906	7
25	33	215	1.41294	0.0119708	8
25	33	225	0.822371	0.00913142	9
25	33	235	0.269547	0.0052689	10
25	35	145	0.0453877	0.00300772	1
25	35	155	0.0542918	0.00308355	2
25	35	165	0.105795	0.0041239	3
25	35	175	0.220703	0.00599256	4
25	35	185	0.519904	0.00902694	5
25	35	195	1.04426	0.0126751	6
25	35	205	1.52889	0.0152081	7
25	35	215	1.33704	0.0141232	8
25	35	225	0.607229	0.00958815	9
25	35	235	0.178404	0.0052892	10
28	15	145	0.024369	0.00142054	1
28	15	155	0.0272921	0.00162242	2
28	15	165	0.0338593	0.001711	3
28	15	175	0.0384506	0.0018508	4
28	15	185	0.0476983	0.0021135	5
28	15	195	0.0794778	0.00260522	6
28	15	205	0.120061	0.00318672	7
28	15	215	0.188048	0.00402926	8
28	15	225	0.346563	0.005487	9
28	15	235	0.913667	0.00873306	10
28	18	145	0.0256298	0.00134878	1
28	18	155	0.0290756	0.00151751	2
28	18	165	0.0345973	0.00165033	3
28	18	175	0.0385917	0.00171465	4
28	18	185	0.0496661	0.00194447	5
28	18	195	0.0752769	0.00234255	6
28	18	205	0.115119	0.00283764	7
28	18	215	0.208224	0.00387082	8
28	18	225	0.522721	0.00614464	9
28	18	235	1.29115	0.00951391	10
28	20	145	0.0251874	0.00144402	1
28	20	155	0.0329249	0.00145603	2
28	20	165	0.0313306	0.00147366	3
28	20	175	0.0359443	0.00159184	4
28	20	185	0.0482549	0.00178119	5
28	20	195	0.0634602	0.00202063	6
28	20	205	0.101457	0.00253433	7
28	20	215	0.192407	0.00354407	8
28	20	225	0.523323	0.00587864	9
28	20	235	2.01458	0.011253	10
28	25	145	0.0223136	0.00129979	1
28	25	155	0.0357412	0.00138752	2
28	25	165	0.030408	0.00131197	3
28	25	175	0.0396587	0.00145655	4
28	25	185	0.0542147	0.0016912	5
28	25	195	0.0965046	0.0022433	6
28	25	205	0.225511	0.00341241	7
28	25	215	0.619279	0.00565798	8
28	25	225	1.60007	0.00901198	9
28	25	235	1.08216	0.0074455	10
28	28	145	0.0265424	0.00134528	1
28	28	155	0.030769	0.00126539	2
28	28	165	0.0378975	0.00136291	3
28	28	175	0.0508845	0.00156505	4
28	28	185	0.0909737	0.00207337	5
28	28	195	0.200215	0.00305881	6
28	28	205	0.505436	0.00486205	7
28	28	215	1.25472	0.00757669	8
28	28	225	1.88341	0.00926642	9
28	28	235	0.64022	0.00543018	10
28	30	135	0.0200626	0.00128321	0
28	30	145	0.0210312	0.00121705	1
28	30	155	0.0320753	0.00126473	2
28	30	165	0.0417769	0.00140207	3
28	30	175	0.0709394	0.00180346	4
28	30	185	0.138754	0.00253885	5
28	30	195	0.337288	0.00394724	6
28	30	205	0.897995	0.00632611	7
28	30	215	1.77791	0.00874601	8
28	30	225	1.4429	0.0078561	9
28	30	235	0.269399	0.00344846	10
28	33	135	0.0328709	0.00206958	0
28	33	145	0.0248312	0.00173248	1
28	33	155	0.0381301	0.00191738	2
28	33	165	0.0688595	0.00258132	3
28	33	175	0.14183	0.00373086	4
28	33	185	0.377254	0.00605653	5
28	33	195	0.957022	0.00954388	6
28	33	205	1.78072	0.0128157	7
28	33	215	1.53052	0.0118168	8
28	33	225	0.48064	0.00664245	9
28	35	135	0.0305788	0.00234177	0
28	35	145	0.0331062	0.00225996	1
28	35	155	0.0567397	0.0028581	2
28	35	165	0.103803	0.00390454	3
28	35	175	0.267266	0.00618823	4
28	35	185	0.705738	0.00994099	5
28	35	195	1.53284	0.0144735	6
28	35	205	1.83829	0.0158224	7
28	35	215	0.703036	0.00987888	8
28	35	225	0.16751	0.00474266	9
30	15	145	0.0160374	0.00132101	1
30	15	155	0.0208705	0.00142203	2
30	15	165	0.0233297	0.00151501	3
30	15	175	0.0352241	0.00176344	4
30	15	185	0.05219	0.00212889	5
30	15	195	0.0770688	0.00250271	6
30	15	205	0.114072	0.00304867	7
30	15	215	0.182849	0.0038903	8
30	15	225	0.454803	0.00601775	9
30	15	235	0.373156	0.00416278	10
30	18	135	0.0220191	0.00123035	0
30	18	145	0.0212122	0.00128806	1
30	18	155	0.0231935	0.00135299	2
30	18	165	0.0275673	0.0013994	3
30	18	175	0.0366569	0.00164211	4
30	18	185	0.0523979	0.00189841	5
30	18	195	0.0679781	0.00215645	6
30	18	205	0.120553	0.00286951	7
30	18	215	0.247721	0.00415007	8
30	18	225	0.843711	0.00742725	9
30	20	135	0.0112449	0.0010158	0
30	20	145	0.0241152	0.00127099	1
30	20	155	0.0223356	0.00122976	2
30	20	165	0.0281295	0.00134332	3
30	20	175	0.0331146	0.00145478	4
30	20	185	0.0464962	0.0017011	5
30	20	195	0.0616952	0.00194808	6
30	20	205	0.106026	0.00254829	7
30	20	215	0.240907	0.003864	8
30	20	225	0.955055	0.00752876	9
30	25	135	0.021493	0.00134205	0
30	25	145	0.0271443	0.0011924	1
30	25	155	0.0261962	0.0011595	2
30	25	165	0.0265913	0.00121024	3
30	25	175	0.0351848	0.00133027	4
30	25	185	0.0489991	0.00155936	5
30	25	195	0.0974903	0.00217537	6
30	25	205	0.230245	0.0033711	7
30	25	215	0.765473	0.00612535	8
30	25	225	2.753	0.0114889	9
30	28	135	0.0203545	0.00112601	0
30	28	145	0.0284926	0.00116454	1
30	28	155	0.0273452	0.00112885	2
30	28	165	0.0338704	0.00123711	3
30	28	175	0.0490022	0.00147717	4
30	28	185	0.0964532	0.0020924	5
30	28	195	0.263214	0.00340974	6
30	28	205	0.767383	0.00580814	7
30	28	215	2.7335	0.0108459	8
30	28	225	1.00969	0.00664292	9
30	30	135	0.0230965	0.00120256	0
30	30	145	0.0206219	0.00103172	1
30	30	155	0.028813	0.00113419	2
30	30	165	0.0365096	0.00125305	3
30	30	175	0.0675979	0.00170955	4
30	30	185	0.157506	0.00261315	5
30	30	195	0.432708	0.00436275	6
30	30	205	1.29624	0.00732088	7
30	30	215	2.67351	0.0104042	8
30	30	225	0.449983	0.00435864	9
30	33	135	0.024941	0.00168375	0
30	33	145	0.0266793	0.00159613	1
30	33	155	0.0332121	0.0017456	2
30	33	165	0.0588628	0.00230844	3
30	33	175	0.143255	0.00359593	4
30	33	185	0.414213	0.00613194	5
30	33	195	1.10897	0.00995177	6
30	33	205	2.90102	0.0157989	7
30	33	215	0.912203	0.00879825	8
30	33	225	4.44848	0.0207954	9
30	35	135	0.0219678	0.00200093	0
30	35	145	0.0274198	0.00195949	1
30	35	155	0.0326739	0.00217269	2
30	35	165	0.0603013	0.00287753	3
30	35	175	0.14705	0.00450859	4
30	35	185	0.413796	0.00757991	5
30	35	195	1.25361	0.0128863	6
30	35	205	2.52114	0.017903	7
30	35	215	0.713633	0.00968906	8
30	35	225	0.128455	0.00408588	9
33	15	135	0.0205037	0.00221524	0
33	15	145	0.0149791	0.00382988	1
33	15	155	0.0170677	0.00427787	2
33	15	165	0.0304491	0.00255005	3
33	15	175	0.0378176	0.00289231	4
33	15	185	0.0475739	0.00323073	5
33	15	195	0.0666666	0.00354659	6
33	15	205	0.103057	0.00465772	7
33	15	215	0.228846	0.00680111	8
33	15	225	0.0691972	0.00396251	9
33	18	135	0.0197778	0.00208985	0
33	18	145	0.018822	0.00196035	1
33	18	155	0.0255109	0.00203317	2
33	18	165	0.0292276	0.00227311	3
33	18	175	0.0379644	0.00248196	4
33	18	185	0.0526443	0.00299976	5
33	18	195	0.0802437	0.00364281	6
33	18	205	0.137628	0.00499287	7
33	18	215	0.391783	0.00807309	8
33	20	135	0.0120104	0.0020735	0
33	20	145	0.0154325	0.00167649	1
33	20	155	0.0236696	0.00200174	2
33	20	165	0.0304151	0.00218284	3
33	20	175	0.0347461	0.00243098	4
33	20	185	0.0379488	0.00247061	5
33	20	195	0.0662246	0.00314681	6
33	20	205	0.120519	0.00430173	7
33	20	215	0.382976	0.00756829	8
33	20	225	0.339106	0.00621347	9
33	25	135	0.0197212	0.00171467	0
33	25	145	0.0262252	0.00181095	1
33	25	155	0.0279481	0.00197688	2
33	25	165	0.030856	0.00196312	3
33	25	175	0.0386485	0.00216987	4
33	25	185	0.0595983	0.00272364	5
33	25	195	0.135197	0.00408666	6
33	25	205	0.499948	0.00784112	7
33	25	215	0.978169	0.0107932	8
33	28	135	0.022537	0.00151828	0
33	28	145	0.0190679	0.00140897	1
33	28	155	0.0222632	0.00151475	2
33	28	165	0.0246962	0.00154403	3
33	28	175	0.0343078	0.00181902	4
33	28	185	0.0619823	0.0024328	5
33	28	195	0.179582	0.00412369	6
33	28	205	0.554015	0.00715885	7
33	28	215	1.0038	0.00963999	8
33	30	135	0.0219214	0.00144004	0
33	30	145	0.0223828	0.00147029	1
33	30	155	0.0234728	0.00148298	2
33	30	165	0.0328242	0.00172789	3
33	30	175	0.0584463	0.00228504	4
33	30	185	0.153103	0.0036664	5
33	30	195	0.490575	0.00658075	6
33	30	205	0.973857	0.00919019	7
33	30	215	0.407593	0.00599389	8
33	33	135	0.0203667	0.00127352	0
33	33	145	0.0228739	0.00137991	1
33	33	155	0.0212915	0.00138858	2
33	33	165	0.0368441	0.00174036	3
33	33	175	0.085197	0.00267075	4
33	33	185	0.260012	0.00464812	5
33	33	195	0.660975	0.0073049	6
33	33	205	0.690134	0.00738052	7
33	33	215	0.138056	0.00340492	8
33	35	135	0.0191977	0.0015482	0
33	35	145	0.0206813	0.00163307	1
33	35	155	0.0229565	0.00179639	2
33	35	165	0.0452453	0.00241009	3
33	35	175	0.125781	0.00396545	4
33	35	185	0.393353	0.00689162	5
33	35	195	0.701189	0.00899226	6
33	35	205	0.426199	0.00708412	7
33	35	215	2.0475	0.0141816	8
35	15	135	0.00240175	0.00101181	0
35	15	145	0.0157903	0.00395517	1
35	15	155	0.0263781	0.00730989	2
35	15	165	0.0233726	0.0071831	3
35	15	175	0.0366398	0.00370683	4
35	15	185	0.0500832	0.00414394	5
35	15	195	0.0685418	0.00494319	6
35	15	205	0.105468	0.00616143	7
35	15	215	0.120046	0.00639931	8
35	18	135	0.00577377	0.00218246	0
35	18	145	0.0175405	0.00691682	1
35	18	155	0.00797575	0.00245048	2
35	18	165	0.0304878	0.00302867	3
35	18	175	0.0406358	0.00336579	4
35	18	185	0.0505079	0.00369589	5
35	18	195	0.0791239	0.00475154	6
35	18	205	0.169787	0.00702113	7
35	18	215	3.93926	0.00539936	8
35	20	135	0.0359086	0.0112562	0
35	20	145	0.0215975	0.00240923	1
35	20	155	0.0202847	0.00240437	2
35	20	165	0.0325107	0.00292428	3
35	20	175	0.0319525	0.00294626	4
35	20	185	0.0588906	0.00382782	5
35	20	195	0.0985529	0.00503953	6
35	20	205	0.286324	0.00841378	7
35	25	135	0.0219997	0.00211078	0
35	25	145	0.0217672	0.00223242	1
35	25	155	0.0300321	0.00243748	2
35	25	165	0.0295713	0.00244459	3
35	25	175	0.0364732	0.00274102	4
35	25	185	0.0634642	0.00353438	5
35	25	195	0.15064	0.00551763	6
35	25	205	0.500793	0.00992933	7
35	25	215	0.217685	0.00635925	8
35	28	135	0.0179891	0.00190762	0
35	28	145	0.0257125	0.00224379	1
35	28	155	0.0219154	0.0020499	2
35	28	165	0.0288538	0.00229848	3
35	28	175	0.0392445	0.00265436	4
35	28	185	0.0862331	0.00395926	5
35	28	195	0.27325	0.0070463	6
35	28	205	0.660357	0.0107239	7
35	30	135	0.0193872	0.00168611	0
35	30	145	0.0195715	0.00171594	1
35	30	155	0.0222624	0.00179298	2
35	30	165	0.0314513	0.00205456	3
35	30	175	0.0487154	0.00267665	4
35	30	185	0.153783	0.00466238	5
35	30	195	0.43243	0.00763901	6
35	30	205	0.397988	0.00733182	7
35	33	135	0.022335	0.00167075	0
35	33	145	0.0185105	0.00158989	1
35	33	155	0.0237147	0.00179272	2
35	33	165	0.0313136	0.00196093	3
35	33	175	0.0691975	0.0029875	4
35	33	185	0.201233	0.00504668	5
35	33	195	0.435949	0.00732449	6
35	33	205	0.273381	0.00584743	7
35	35	135	0.0164223	0.0014981	0
35	35	145	0.0220259	0.00169843	1
35	35	155	0.0226904	0.00179434	2
35	35	165	0.0522887	0.00257397	3
35	35	175	0.137929	0.00419086	4
35	35	185	0.327974	0.00631169	5
35	35	195	0.321217	0.0061651	6
35	35	205	0.811797	0.00989884	7
15	15	185	0.0668111	0.00412167	5
15	15	195	0.0836316	0.00390534	6
15	15	205	0.106742	0.00421153	7
15	15	215	0.122116	0.00448532	8
15	15	225	0.151703	0.0049576	9
15	15	235	0.192155	0.00553305	10
15	15	245	0.258055	0.00641827	11
15	15	255	0.328741	0.00715268	12
15	15	265	0.469197	0.00847937	13
15	15	275	0.670234	0.0101592	14
15	18	185	0.0784507	0.00411902	5
15	18	195	0.103084	0.00405398	6
15	18	205	0.133792	0.00438464	7
15	18	215	0.160642	0.00469012	8
15	18	225	0.174495	0.00488145	9
15	18	235	0.179784	0.00493786	10
15	18	245	0.19381	0.00505571	11
15	18	255	0.196856	0.0050904	12
15	18	265	0.230294	0.00546133	13
15	18	275	0.28385	0.00606154	14
15	20	185	0.091088	0.00414216	5
15	20	195	0.129243	0.00437191	6
15	20	205	0.182035	0.00482187	7
15	20	215	0.213851	0.00510876	8
15	20	225	0.233968	0.00531147	9
15	20	235	0.233973	0.00529998	10
15	20	245	0.228389	0.00522483	11
15	20	255	0.220093	0.00509258	12
15	20	265	0.232931	0.00519876	13
15	20	275	0.23889	0.00532289	14
15	25	175	0.164467	0.00440778	4
15	25	185	0.214845	0.00490895	5
15	25	195	0.291567	0.00552102	6
15	25	205	0.380634	0.00608166	7
15	25	215	0.414555	0.00630037	8
15	25	225	0.399242	0.00620048	9
15	25	235	0.371537	0.00592006	10
15	25	245	0.300162	0.00531418	11
15	25	255	0.233727	0.00467905	12
15	25	265	0.184795	0.00414386	13
15	25	275	0.113579	0.00330691	14
15	28	175	0.277774	0.00522506	4
15	28	185	0.362251	0.00584576	5
15	28	195	0.443974	0.00629369	6
15	28	205	0.529544	0.00676537	7
15	28	215	0.539677	0.00683585	8
15	28	225	0.474861	0.00636438	9
15	28	235	0.376104	0.0056692	10
15	28	245	0.287162	0.00491451	11
15	28	255	0.203044	0.00415148	12
15	28	265	0.180407	0.00390639	13
15	30	165	0.211433	0.00413994	3
15	30	175	0.342479	0.00562202	4
15	30	185	0.421283	0.00615219	5
15	30	195	0.514316	0.00651487	6
15	30	205	0.565389	0.00680348	7
15	30	215	0.521062	0.0065329	8
15	30	225	0.426008	0.00586936	9
15	30	235	0.309058	0.00500114	10
15	30	245	0.213796	0.00413794	11
15	30	255	0.151854	0.00351766	12
15	30	265	0.150849	0.00348859	13
15	33	165	0.265308	0.00710427	3
15	33	175	0.442187	0.00891469	4
15	33	185	0.545703	0.00984524	5
15	33	195	0.578387	0.0101228	6
15	33	205	0.561211	0.00993544	7
15	33	215	0.482182	0.0092166	8
15	33	225	0.332482	0.00772258	9
15	33	235	0.22544	0.00651396	10
15	33	245	0.159671	0.00531139	11
15	33	255	0.121837	0.00460908	12
15	33	265	0.0901074	0.00395192	13
15	35	165	0.429141	0.01064	3
15	35	175	0.55466	0.0121278	4
15	35	185	0.567597	0.0121864	5
15	35	195	0.561375	0.0121315	6
15	35	205	0.470639	0.0110901	7
15	35	215	0.328885	0.00957471	8
15	35	225	0.224762	0.00785549	9
15	35	235	0.124985	0.00612812	10
15	35	245	0.0994234	0.0051929	11
15	35	255	0.112307	0.00527385	12
18	15	175	0.0783539	0.00355465	4
18	15	185	0.0639608	0.00306132	5
18	15	195	0.0731358	0.00317495	6
18	15	205	0.0863424	0.00343918	7
18	15	215	0.129466	0.00417756	8
18	15	225	0.18854	0.00494571	9
18	15	235	0.271861	0.00591337	10
18	15	245	0.380338	0.00698032	11
18	15	255	0.564319	0.00849224	12
18	15	265	0.962897	0.0110827	13
18	15	275	0.67615	0.00935833	14
18	18	175	0.0795505	0.00336193	4
18	18	185	0.0698929	0.00297127	5
18	18	195	0.0739469	0.00294294	6
18	18	205	0.0861849	0.0031794	7
18	18	215	0.105949	0.00345177	8
18	18	225	0.12571	0.00377211	9
18	18	235	0.163331	0.0042606	10
18	18	245	0.2098	0.0047421	11
18	18	255	0.273757	0.00543853	12
18	18	265	0.423811	0.00675437	13
18	18	275	0.387216	0.00641617	14
18	20	175	0.0886727	0.00338312	4
18	20	185	0.0677981	0.0029159	5
18	20	195	0.0746308	0.00285528	6
18	20	205	0.105267	0.003258	7
18	20	215	0.126723	0.00358319	8
18	20	225	0.155912	0.00392732	9
18	20	235	0.180725	0.00421188	10
18	20	245	0.206566	0.00449722	11
18	20	255	0.252576	0.00496711	12
18	20	265	0.323918	0.00560185	13
18	20	275	0.252084	0.00493673	14
18	25	165	0.110026	0.00330702	3
18	25	175	0.0929278	0.00311481	4
18	25	185	0.126004	0.00335684	5
18	25	195	0.214753	0.00416653	6
18	25	205	0.26804	0.00464342	7
18	25	215	0.310501	0.00502078	8
18	25	225	0.324446	0.0050634	9
18	25	235	0.323398	0.00500025	10
18	25	245	0.31766	0.00496099	11
18	25	255	0.263992	0.00452893	12
18	25	265	0.199941	0.00396665	13
18	28	165	0.141407	0.00349965	3
18	28	175	0.156315	0.00361787	4
18	28	185	0.210734	0.00404035	5
18	28	195	0.31418	0.00475659	6
18	28	205	0.41874	0.00545677	7
18	28	215	0.433503	0.00556181	8
18	28	225	0.432505	0.00553719	9
18	28	235	0.370696	0.00512218	10
18	28	245	0.296562	0.00455846	11
18	28	255	0.224279	0.00397947	12
18	28	265	0.140852	0.00315369	13
18	30	165	0.167715	0.00357991	3
18	30	175	0.187983	0.00383664	4
18	30	185	0.295592	0.00456077	5
18	30	195	0.397173	0.00520534	6
18	30	205	0.463643	0.00560259	7
18	30	215	0.466171	0.0056258	8
18	30	225	0.408886	0.00523944	9
18	30	235	0.322714	0.00462518	10
18	30	245	0.226988	0.00389559	11
18	30	255	0.202178	0.00367034	12
18	33	165	0.205865	0.00568435	3
18	33	175	0.269079	0.00640618	4
18	33	185	0.384967	0.00752843	5
18	33	195	0.480581	0.00836968	6
18	33	205	0.507512	0.00857805	7
18	33	215	0.413861	0.00783598	8
18	33	225	0.354972	0.00716996	9
18	33	235	0.235713	0.00583005	10
18	33	245	0.169963	0.00496124	11
18	33	255	0.17042	0.00492172	12
18	35	155	0.195556	0.00662479	2
18	35	165	0.254782	0.00784757	3
18	35	175	0.348429	0.00882435	4
18	35	185	0.478622	0.01007	5
18	35	195	0.489967	0.0102029	6
18	35	205	0.444647	0.00975721	7
18	35	215	0.328131	0.00848872	8
18	35	225	0.23166	0.0070222	9
18	35	235	0.133509	0.00554865	10
18	35	245	0.126877	0.00518488	11
20	15	165	0.0604727	0.00299996	3
20	15	175	0.0688772	0.00303052	4
20	15	185	0.0564067	0.00276376	5
20	15	195	0.0737807	0.00305057	6
20	15	205	0.0938245	0.00341639	7
20	15	215	0.153257	0.00432518	8
20	15	225	0.229562	0.00523872	9
20	15	235	0.329052	0.00618402	10
20	15	245	0.484978	0.0075455	11
20	15	255	0.795991	0.00966693	12
20	15	265	1.2721	0.0120648	13
20	18	175	0.069543	0.00311323	4
20	18	185	0.0581729	0.00257101	5
20	18	195	0.068262	0.00265584	6
20	18	205	0.0787288	0.00288365	7
20	18	215	0.091987	0.00307942	8
20	18	225	0.125814	0.00352291	9
20	18	235	0.186658	0.00428468	10
20	18	245	0.249906	0.004938	11
20	18	255	0.399116	0.0062531	12
20	18	265	0.69493	0.00820426	13
20	20	175	0.0705068	0.00295497	4
20	20	185	0.0584782	0.00249896	5
20	20	195	0.0686409	0.00255536	6
20	20	205	0.0793027	0.00274448	7
20	20	215	0.100433	0.00301882	8
20	20	225	0.127516	0.00338496	9
20	20	235	0.170473	0.00388724	10
20	20	245	0.216994	0.00437614	11
20	20	255	0.324347	0.00534063	12
20	20	265	0.47559	0.00643493	13
20	25	165	0.0883198	0.00295276	3
20	25	175	0.0726321	0.00255211	4
20	25	185	0.0933814	0.00268993	5
20	25	195	0.141166	0.00323628	6
20	25	205	0.195421	0.00376933	7
20	25	215	0.25025	0.00423175	8
20	25	225	0.294203	0.00457163	9
20	25	235	0.318959	0.0047378	10
20	25	245	0.338486	0.00488374	11
20	25	255	0.296529	0.0046051	12
20	28	165	0.106478	0.00304646	3
20	28	175	0.0990241	0.00279199	4
20	28	185	0.162065	0.00329257	5
20	28	195	0.23922	0.00393775	6
20	28	205	0.315611	0.00449406	7
20	28	215	0.367272	0.00483985	8
20	28	225	0.387709	0.00496706	9
20	28	235	0.369162	0.00483053	10
20	28	245	0.295438	0.00433051	11
20	28	255	0.2569	0.00402885	12
20	30	155	0.11801	0.00284556	2
20	30	165	0.110918	0.00295089	3
20	30	175	0.135379	0.0030687	4
20	30	185	0.213812	0.00366942	5
20	30	195	0.308651	0.00437544	6
20	30	205	0.378727	0.00482526	7
20	30	215	0.421614	0.00504733	8
20	30	225	0.393633	0.0048572	9
20	30	235	0.312853	0.00434428	10
20	30	245	0.236767	0.00377717	11
20	30	255	0.17228	0.0032439	12
20	33	155	0.156091	0.00474134	2
20	33	165	0.168659	0.00488779	3
20	33	175	0.222765	0.00543124	4
20	33	185	0.338249	0.00666924	5
20	33	195	0.416558	0.00736398	6
20	33	205	0.439637	0.00762199	7
20	33	215	0.373782	0.00697158	8
20	33	225	0.293715	0.00614863	9
20	33	235	0.195247	0.00510509	10
20	33	245	0.176766	0.00474404	11
20	35	155	0.160418	0.00598837	2
20	35	165	0.181044	0.00620593	3
20	35	175	0.261071	0.00716738	4
20	35	185	0.37055	0.00843251	5
20	35	195	0.426601	0.00907386	6
20	35	205	0.412284	0.00891869	7
20	35	215	0.31548	0.00782201	8
20	35	225	0.218786	0.00658743	9
20	35	235	0.156866	0.00560439	10
20	35	245	0.154754	0.0053492	11
25	15	155	0.054888	0.00233759	2
25	15	165	0.0590797	0.00240883	3
25	15	175	0.0554455	0.0024217	4
25	15	185	0.0675595	0.00265628	5
25	15	195	0.0991925	0.00314202	6
25	15	205	0.135139	0.00363977	7
25	15	215	0.209948	0.00447251	8
25	15	225	0.30643	0.00539958	9
25	15	235	0.489488	0.00682784	10
25	15	245	1.03676	0.00977041	11
25	18	165	0.0711694	0.00240849	3
25	18	175	0.0637273	0.0023163	4
25	18	185	0.057542	0.00220083	5
25	18	195	0.0626559	0.00228643	6
25	18	205	0.0811648	0.00258496	7
25	18	215	0.108109	0.00294879	8
25	18	225	0.151926	0.00345661	9
25	18	235	0.243386	0.00439269	10
25	18	245	0.47248	0.00611985	11
25	18	255	0.653767	0.00711049	12
25	20	155	0.0580094	0.00224952	2
25	20	165	0.0620871	0.00218534	3
25	20	175	0.0580049	0.00212316	4
25	20	185	0.0568943	0.00207486	5
25	20	195	0.06934	0.0022705	6
25	20	205	0.0843904	0.00248313	7
25	20	215	0.126367	0.00300238	8
25	20	225	0.207884	0.00385682	9
25	20	235	0.391544	0.00528433	10
25	20	245	0.533332	0.00614421	11
25	25	145	0.0528206	0.00206914	1
25	25	155	0.0638404	0.0021228	2
25	25	165	0.0634538	0.00200641	3
25	25	175	0.0597964	0.00190689	4
25	25	185	0.06781	0.00202413	5
25	25	195	0.0996484	0.00238535	6
25	25	205	0.134444	0.00278762	7
25	25	215	0.216352	0.00351695	8
25	25	225	0.327247	0.00433828	9
25	25	235	0.442519	0.00501923	10
25	28	145	0.0643475	0.00217248	1
25	28	155	0.0632653	0.00207168	2
25	28	165	0.0667554	0.00196949	3
25	28	175	0.0796172	0.00208352	4
25	28	185	0.100816	0.00229301	5
25	28	195	0.147259	0.0027716	6
25	28	205	0.222909	0.003384	7
25	28	215	0.317165	0.00403187	8
25	28	225	0.385458	0.00443658	9
25	28	235	0.362362	0.00429975	10
25	30	145	0.073983	0.00220664	1
25	30	155	0.0638373	0.00203014	2
25	30	165	0.0682124	0.00193443	3
25	30	175	0.0867093	0.00211663	4
25	30	185	0.131611	0.00256653	5
25	30	195	0.192337	0.00310835	6
25	30	205	0.268427	0.00361769	7
25	30	215	0.348932	0.0041143	8
25	30	225	0.344876	0.00409614	9
25	30	235	0.28735	0.00372797	10
25	33	145	0.0702155	0.00315235	1
25	33	155	0.0691829	0.00294976	2
25	33	165	0.0870089	0.00311563	3
25	33	175	0.130708	0.00372189	4
25	33	185	0.190046	0.00445753	5
25	33	195	0.266687	0.0053666	6
25	33	205	0.306357	0.00570397	7
25	33	215	0.304208	0.00558581	8
25	33	225	0.239575	0.00499322	9
25	33	235	0.14824	0.00395695	10
25	35	145	0.0810236	0.00379556	1
25	35	155	0.0706687	0.00347901	2
25	35	165	0.0863355	0.00369243	3
25	35	175	0.124751	0.00444709	4
25	35	185	0.199682	0.00561765	5
25	35	195	0.272419	0.00646808	6
25	35	205	0.290453	0.00668363	7
25	35	215	0.26171	0.00632358	8
25	35	225	0.183945	0.00538874	9
25	35	235	0.118088	0.00427083	10
28	15	145	0.0395776	0.00197432	1
28	15	155	0.0431313	0.00211496	2
28	15	165	0.0508269	0.00219124	3
28	15	175	0.0599982	0.00242079	4
28	15	185	0.083565	0.00274064	5
28	15	195	0.10985	0.00312542	6
28	15	205	0.153894	0.00366845	7
28	15	215	0.225286	0.00439887	8
28	15	225	0.36064	0.00558312	9
28	15	235	0.66415	0.00742515	10
28	18	145	0.0544248	0.00202698	1
28	18	155	0.0531953	0.00204424	2
28	18	165	0.0573866	0.00211584	3
28	18	175	0.0546298	0.00211275	4
28	18	185	0.0735975	0.00235133	5
28	18	195	0.0951363	0.00264144	6
28	18	205	0.12734	0.00303382	7
28	18	215	0.204684	0.00383116	8
28	18	225	0.373318	0.00517323	9
28	18	235	0.449757	0.0056007	10
28	20	145	0.0522935	0.00194714	1
28	20	155	0.0583318	0.00195072	2
28	20	165	0.0557004	0.00198239	3
28	20	175	0.0595239	0.00203913	4
28	20	185	0.0654235	0.00211057	5
28	20	195	0.0808936	0.0023155	6
28	20	205	0.102907	0.00257697	7
28	20	215	0.157493	0.00319995	8
28	20	225	0.297156	0.00439243	9
28	20	235	0.471491	0.00544425	10
28	25	145	0.0501804	0.00174665	1
28	25	155	0.0620146	0.00182185	2
28	25	165	0.056557	0.00176002	3
28	25	175	0.0614598	0.0018544	4
28	25	185	0.0686138	0.0019012	5
28	25	195	0.0864222	0.00212601	6
28	25	205	0.128042	0.00257228	7
28	25	215	0.216549	0.00337037	8
28	25	225	0.367437	0.00435028	9
28	25	235	0.23561	0.00349116	10
28	28	135	0.0430301	0.00174341	0
28	28	145	0.0491702	0.00169108	1
28	28	155	0.0633338	0.0017865	2
28	28	165	0.0629693	0.00175298	3
28	28	175	0.0720697	0.00185636	4
28	28	185	0.0887246	0.00205836	5
28	28	195	0.135234	0.0025239	6
28	28	205	0.226315	0.00323707	7
28	28	215	0.32737	0.00388254	8
28	28	225	0.380571	0.00418067	9
28	30	135	0.0445915	0.00175542	0
28	30	145	0.0500498	0.00169987	1
28	30	155	0.0579065	0.00167224	2
28	30	165	0.0644095	0.00172681	3
28	30	175	0.0719281	0.00182998	4
28	30	185	0.107581	0.00222167	5
28	30	195	0.169371	0.00273922	6
28	30	205	0.254578	0.00334141	7
28	30	215	0.316452	0.00371547	8
28	30	225	0.293262	0.00358655	9
28	33	135	0.0461643	0.00255937	0
28	33	145	0.0500135	0.0023907	1
28	33	155	0.0647101	0.00253968	2
28	33	165	0.0746643	0.00271378	3
28	33	175	0.112577	0.00325412	4
28	33	185	0.153598	0.00382385	5
28	33	195	0.225007	0.00461289	6
28	33	205	0.281035	0.00509142	7
28	33	215	0.261611	0.00491535	8
28	33	225	0.171028	0.00401485	9
28	35	135	0.050093	0.00308333	0
28	35	145	0.0491546	0.00285685	1
28	35	155	0.0624135	0.00308874	2
28	35	165	0.0782067	0.00331149	3
28	35	175	0.116014	0.00412426	4
28	35	185	0.172491	0.00490589	5
28	35	195	0.205017	0.00544243	6
28	35	205	0.22916	0.00564217	7
28	35	215	0.186273	0.00520538	8
30	15	145	0.035309	0.0018472	1
30	15	155	0.0361961	0.00188667	2
30	15	165	0.0456093	0.00205483	3
30	15	175	0.0560866	0.0022743	4
30	15	185	0.0792259	0.00261022	5
30	15	195	0.105154	0.00297006	6
30	15	205	0.143775	0.00348393	7
30	15	215	0.200427	0.00410762	8
30	15	225	0.408597	0.0057005	9
30	18	135	0.0244223	0.00147571	0
30	18	145	0.0436724	0.00181513	1
30	18	155	0.0397189	0.00177713	2
30	18	165	0.0482834	0.00191577	3
30	18	175	0.0588716	0.00208879	4
30	18	185	0.0752464	0.00229513	5
30	18	195	0.089451	0.00246451	6
30	18	205	0.129559	0.00300488	7
30	18	215	0.211217	0.00382639	8
30	18	225	0.405226	0.00513582	9
30	20	135	0.0229506	0.00129927	0
30	20	145	0.0436022	0.00169381	1
30	20	155	0.0430722	0.00175993	2
30	20	165	0.0474995	0.00177422	3
30	20	175	0.0546388	0.00187508	4
30	20	185	0.0584561	0.00192916	5
30	20	195	0.0668601	0.00207079	6
30	20	205	0.104416	0.00253962	7
30	20	215	0.166675	0.00321228	8
30	20	225	0.363791	0.00468151	9
30	25	135	0.0269076	0.00136949	0
30	25	145	0.0422688	0.00151245	1
30	25	155	0.0492244	0.00161143	2
30	25	165	0.0453604	0.00156297	3
30	25	175	0.0506673	0.00160492	4
30	25	185	0.055341	0.00168682	5
30	25	195	0.0749148	0.00192961	6
30	25	205	0.107674	0.00231763	7
30	25	215	0.203818	0.00318085	8
30	25	225	0.345887	0.00407908	9
30	28	135	0.044001	0.00152259	0
30	28	145	0.0475442	0.00149068	1
30	28	155	0.0509024	0.00156594	2
30	28	165	0.055971	0.00158484	3
30	28	175	0.0581712	0.00162703	4
30	28	185	0.0724802	0.00180198	5
30	28	195	0.113965	0.0022501	6
30	28	205	0.185682	0.00285529	7
30	28	215	0.273894	0.003472	8
30	28	225	0.198631	0.00299035	9
30	30	135	0.0410249	0.00151139	0
30	30	145	0.0441999	0.00145318	1
30	30	155	0.0467511	0.00144162	2
30	30	165	0.0499912	0.0014863	3
30	30	175	0.0618228	0.00164752	4
30	30	185	0.0787224	0.00184424	5
30	30	195	0.121251	0.00228574	6
30	30	205	0.194246	0.00286109	7
30	30	215	0.254851	0.00324902	8
30	30	225	0.173933	0.00272415	9
30	33	135	0.0388614	0.00222104	0
30	33	145	0.0469462	0.00218138	1
30	33	155	0.0496138	0.00224984	2
30	33	165	0.0652515	0.00242021	3
30	33	175	0.0879757	0.00281451	4
30	33	185	0.129179	0.00344109	5
30	33	195	0.188787	0.0041525	6
30	33	205	0.228978	0.00446289	7
30	33	215	0.211901	0.00432377	8
30	35	135	0.0515594	0.00272754	0
30	35	145	0.0468411	0.00257687	1
30	35	155	0.0598705	0.00286372	2
30	35	165	0.0716267	0.00315908	3
30	35	175	0.0998732	0.00370407	4
30	35	185	0.164477	0.00463415	5
30	35	195	0.202351	0.0051199	6
30	35	205	0.210483	0.00525385	7
30	35	215	0.15342	0.00442241	8
33	15	135	0.0295339	0.00278813	0
33	15	145	0.0259522	0.00273378	1
33	15	155	0.0414226	0.00309147	2
33	15	165	0.0461571	0.00344255	3
33	15	175	0.0567099	0.00353284	4
33	15	185	0.0832059	0.00424871	5
33	15	195	0.103136	0.00463841	6
33	15	205	0.121945	0.00519533	7
33	15	215	0.23695	0.00681942	8
33	18	135	0.0353596	0.00270222	0
33	18	145	0.0419713	0.00283479	1
33	18	155	0.0449247	0.00303183	2
33	18	165	0.0520746	0.00300734	3
33	18	175	0.0564983	0.00314663	4
33	18	185	0.0708737	0.00366047	5
33	18	195	0.0907229	0.00396779	6
33	18	205	0.14147	0.00495667	7
33	18	215	0.225497	0.00611436	8
33	20	135	0.0409664	0.00277022	0
33	20	145	0.0404036	0.00268291	1
33	20	155	0.0419917	0.00270263	2
33	20	165	0.0512167	0.0028238	3
33	20	175	0.0570341	0.00309797	4
33	20	185	0.069229	0.00324637	5
33	20	195	0.0965146	0.00396531	6
33	20	205	0.163601	0.00502246	7
33	20	215	0.161621	0.00496362	8
33	25	135	0.0385897	0.00230338	0
33	25	145	0.0418019	0.00234498	1
33	25	155	0.0511949	0.00256826	2
33	25	165	0.0525515	0.00254919	3
33	25	175	0.0468242	0.00251309	4
33	25	185	0.0653742	0.00288489	5
33	25	195	0.0887748	0.00330053	6
33	25	205	0.143595	0.00429786	7
33	25	215	0.173309	0.00455535	8
33	28	135	0.0403215	0.00209921	0
33	28	145	0.0392253	0.00199609	1
33	28	155	0.0430038	0.00212703	2
33	28	165	0.046784	0.0021863	3
33	28	175	0.0515513	0.00230821	4
33	28	185	0.0662278	0.00255758	5
33	28	195	0.108224	0.00321271	6
33	28	205	0.180006	0.00417126	7
33	28	215	0.126832	0.00338876	8
33	30	135	0.0363795	0.00189067	0
33	30	145	0.036982	0.00196575	1
33	30	155	0.042265	0.00201102	2
33	30	165	0.0446021	0.00209722	3
33	30	175	0.057842	0.00233481	4
33	30	185	0.0905937	0.00288572	5
33	30	195	0.139251	0.00350904	6
33	30	205	0.201213	0.00420785	7
33	33	135	0.0190202	0.00129119	0
33	33	145	0.0166776	0.00124992	1
33	33	155	0.021498	0.00132978	2
33	33	165	0.0253245	0.00148307	3
33	33	175	0.0283895	0.00158486	4
33	33	185	0.0428297	0.00194946	5
33	33	195	0.0691007	0.00239019	6
33	33	205	0.0733954	0.00258228	7
33	35	135	0.010071	0.00331205	0
33	35	145	0.00842864	0.00193211	1
33	35	155	0.00777592	0.00197232	2
33	35	165	0.0378576	0.00174632	3
33	35	175	0.0137201	0.00134348	4
33	35	185	0.0275738	0.00184375	5
33	35	195	0.0380826	0.00214452	6
33	35	205	0.019758	0.00152302	7
35	15	135	0.0357761	0.00339736	0
35	15	145	0.0121053	0.00354213	1
35	15	155	0.0503913	0.00436802	2
35	15	165	0.0693224	0.00509263	3
35	15	175	0.0825742	0.00527727	4
35	15	185	0.0968711	0.00580082	5
35	15	195	0.126766	0.00673062	6
35	15	205	0.0905334	0.00572964	7
35	18	135	0.0750887	0.00379378	0
35	18	145	0.0348219	0.00367063	1
35	18	155	0.0523673	0.0039341	2
35	18	165	0.0440867	0.00392986	3
35	18	175	0.0650222	0.00433295	4
35	18	185	0.0727629	0.00460551	5
35	18	195	0.0912373	0.00522896	6
35	18	205	0.15899	0.0066518	7
35	20	135	0.0349058	0.00314752	0
35	20	145	0.0470435	0.00362919	1
35	20	155	0.0514051	0.00386834	2
35	20	165	0.0540986	0.00369239	3
35	20	175	0.06011	0.00387824	4
35	20	185	0.0842694	0.00460595	5
35	20	195	0.105568	0.00539485	6
35	20	205	0.152136	0.00612254	7
35	25	135	0.034275	0.00298167	0
35	25	145	0.0368945	0.00287591	1
35	25	155	0.0415801	0.00312842	2
35	25	165	0.046489	0.00310949	3
35	25	175	0.0522778	0.00336719	4
35	25	185	0.0647561	0.00369748	5
35	25	195	0.103033	0.00470221	6
35	25	205	0.120946	0.00517402	7
35	28	135	0.0467225	0.00298361	0
35	28	145	0.0480478	0.00303056	1
35	28	155	0.0454382	0.00300376	2
35	28	165	0.0493325	0.00297075	3
35	28	175	0.0585454	0.00335524	4
35	28	185	0.0759874	0.00373789	5
35	28	195	0.132621	0.00491295	6
35	28	205	0.126177	0.00488605	7
35	30	135	0.0384876	0.00238092	0
35	30	145	0.038065	0.00238559	1
35	30	155	0.043328	0.0025228	2
35	30	165	0.0516609	0.00279852	3
35	30	175	0.0652914	0.00308236	4
35	30	185	0.0879239	0.00354427	5
35	30	195	0.141161	0.00447072	6
35	30	205	0.0501753	0.00309429	7
35	33	135	0.0045663	0.00152356	0
35	33	145	0.00500472	0.00115806	1
35	33	155	0.00616892	0.00182997	2
35	33	165	0.0177793	0.00131899	3
35	33	175	0.0141322	0.00139344	4
35	33	185	0.0218221	0.00167013	5
35	33	195	0.0351235	0.00214977	6
35	35	135	0.00561413	0.00275143	0
35	35	145	0.00471693	0.00128362	1
35	35	155	0.00369472	0.00122677	2
35	35	165	0.00522303	0.00130825	3
35	35	175	0.0105214	0.00220981	4
35	35	185	0.016345	0.00141678	5
35	35	195	0.0167393	0.00152316	6
15	15	185	0.0600485	0.00384673	5
15	15	195	0.0598567	0.00323631	6
15	15	205	0.0751955	0.00353517	7
15	15	215	0.0782262	0.00367048	8
15	15	225	0.0874413	0.00387375	9
15	15	235	0.111119	0.00425314	10
15	15	245	0.129872	0.0045629	11
15	15	255	0.143326	0.00478591	12
15	15	265	0.168034	0.0051262	13
15	15	275	0.222027	0.00591569	14
15	18	185	0.0666856	0.00381761	5
15	18	195	0.0754854	0.00358367	6
15	18	205	0.0852172	0.00351015	7
15	18	215	0.0895223	0.00364485	8
15	18	225	0.0968598	0.00373837	9
15	18	235	0.0987993	0.00376081	10
15	18	245	0.095952	0.00369107	11
15	18	255	0.0932662	0.00355535	12
15	18	265	0.0997632	0.00366781	13
15	18	275	0.105239	0.00377913	14
15	20	175	0.0796181	0.0036615	4
15	20	185	0.065613	0.00347147	5
15	20	195	0.0867348	0.00348756	6
15	20	205	0.119335	0.00391861	7
15	20	215	0.119209	0.00393624	8
15	20	225	0.126526	0.00400602	9
15	20	235	0.127865	0.00394795	10
15	20	245	0.109349	0.00365359	11
15	20	255	0.103284	0.00350847	12
15	20	265	0.0983424	0.00340068	13
15	20	275	0.0858333	0.00315274	14
15	25	175	0.0844966	0.00308059	4
15	25	185	0.0807253	0.00360948	5
15	25	195	0.112848	0.00364241	6
15	25	205	0.142856	0.00400162	7
15	25	215	0.164209	0.00417565	8
15	25	225	0.169632	0.00414851	9
15	25	235	0.160211	0.00400408	10
15	25	245	0.135907	0.00366155	11
15	25	255	0.116068	0.00334538	12
15	25	265	0.109875	0.00324211	13
15	25	275	0.0864952	0.00289232	14
15	28	175	0.126963	0.00385654	4
15	28	185	0.124554	0.00372178	5
15	28	195	0.158846	0.00391676	6
15	28	205	0.188655	0.00419114	7
15	28	215	0.181284	0.00413168	8
15	28	225	0.158543	0.00380919	9
15	28	235	0.13785	0.00349155	10
15	28	245	0.100635	0.00301531	11
15	28	255	0.107488	0.00307711	12
15	28	265	0.108754	0.00311168	13
15	30	165	0.115677	0.00331229	3
15	30	175	0.129442	0.00372548	4
15	30	185	0.125017	0.00351497	5
15	30	195	0.167699	0.00390014	6
15	30	205	0.165587	0.00390461	7
15	30	215	0.163817	0.00383202	8
15	30	225	0.122191	0.00342912	9
15	30	235	0.104708	0.00311238	10
15	30	245	0.0893056	0.00278969	11
15	30	255	0.0919994	0.00283229	12
15	33	165	0.116718	0.00517654	3
15	33	175	0.116771	0.00552589	4
15	33	185	0.147562	0.00570143	5
15	33	195	0.172927	0.00599498	6
15	33	205	0.1925	0.00620434	7
15	33	215	0.15294	0.00577006	8
15	33	225	0.10136	0.00489445	9
15	33	235	0.0732203	0.0040481	10
15	33	245	0.0642176	0.00389721	11
15	33	255	0.0841192	0.00407875	12
15	35	165	0.139164	0.00639321	3
15	35	175	0.148528	0.00674507	4
15	35	185	0.152839	0.00680551	5
15	35	195	0.141908	0.00691801	6
15	35	205	0.153091	0.00702142	7
15	35	215	0.133004	0.00669487	8
15	35	225	0.0895107	0.00537732	9
15	35	235	0.0623014	0.00496236	10
15	35	245	0.063556	0.0044156	11
15	35	255	0.0685436	0.00434119	12
18	15	175	0.070656	0.00345139	4
18	15	185	0.0609738	0.00306159	5
18	15	195	0.0513862	0.00274893	6
18	15	205	0.0582254	0.00295924	7
18	15	215	0.0741094	0.00325923	8
18	15	225	0.0919201	0.00351994	9
18	15	235	0.124381	0.00403777	10
18	15	245	0.13909	0.00422692	11
18	15	255	0.175314	0.00478595	12
18	15	265	0.230407	0.00544965	13
18	18	175	0.0639	0.00305379	4
18	18	185	0.0631486	0.00291827	5
18	18	195	0.045357	0.0024057	6
18	18	205	0.0558245	0.00260029	7
18	18	215	0.0567932	0.00262084	8
18	18	225	0.0644918	0.00276162	9
18	18	235	0.0698478	0.00284572	10
18	18	245	0.0673188	0.00276602	11
18	18	255	0.0883023	0.00309958	12
18	18	265	0.0982052	0.00326875	13
18	18	275	0.0760166	0.00293991	14
18	20	165	0.0564789	0.0027738	3
18	20	175	0.0585753	0.00286087	4
18	20	185	0.0513135	0.00240728	5
18	20	195	0.0547481	0.00250927	6
18	20	205	0.063064	0.0026113	7
18	20	215	0.0680637	0.00273299	8
18	20	225	0.0725665	0.00276005	9
18	20	235	0.0778083	0.0028269	10
18	20	245	0.0806521	0.00283178	11
18	20	255	0.0823387	0.00286352	12
18	20	265	0.0864796	0.0029688	13
18	25	165	0.092544	0.00301134	3
18	25	175	0.0608739	0.0025486	4
18	25	185	0.0622258	0.00243752	5
18	25	195	0.0798844	0.00268893	6
18	25	205	0.0962649	0.00287705	7
18	25	215	0.0939116	0.00286766	8
18	25	225	0.108892	0.00300612	9
18	25	235	0.0972974	0.00279827	10
18	25	245	0.0862974	0.00263622	11
18	25	255	0.113124	0.00300203	12
18	28	165	0.105454	0.00300294	3
18	28	175	0.0753273	0.00260819	4
18	28	185	0.076583	0.00254853	5
18	28	195	0.0995332	0.00278797	6
18	28	205	0.109005	0.00288368	7
18	28	215	0.107576	0.00286826	8
18	28	225	0.102013	0.00278895	9
18	28	235	0.0982637	0.00268993	10
18	28	245	0.0952176	0.00262529	11
18	28	255	0.118596	0.00292166	12
18	30	165	0.0925577	0.00285	3
18	30	175	0.0680661	0.00250126	4
18	30	185	0.0834223	0.00254288	5
18	30	195	0.10155	0.00279262	6
18	30	205	0.104814	0.00280684	7
18	30	215	0.106646	0.00281715	8
18	30	225	0.0960843	0.00263221	9
18	30	235	0.0876117	0.00249204	10
18	30	245	0.0810838	0.00244986	11
18	30	255	0.0876998	0.00261511	12
18	33	155	0.0935758	0.00406332	2
18	33	165	0.093649	0.00407413	3
18	33	175	0.0768348	0.00389476	4
18	33	185	0.0952672	0.00420003	5
18	33	195	0.108187	0.00432689	6
18	33	205	0.0987847	0.00424742	7
18	33	215	0.0893825	0.00401962	8
18	33	225	0.0721031	0.0037767	9
18	33	235	0.0754807	0.00371041	10
18	33	245	0.0986109	0.00392955	11
18	35	155	0.109046	0.00525813	2
18	35	165	0.0768521	0.00473968	3
18	35	175	0.0848319	0.00484028	4
18	35	185	0.0984619	0.00520674	5
18	35	195	0.0886889	0.00538868	6
18	35	205	0.098118	0.00510824	7
18	35	215	0.0954783	0.0049126	8
18	35	225	0.0916252	0.00458054	9
18	35	235	0.0651776	0.00425548	10
18	35	245	0.0740732	0.00395599	11
20	15	165	0.0490477	0.00275239	3
20	15	175	0.0633061	0.00282225	4
20	15	185	0.0474033	0.0024421	5
20	15	195	0.0500885	0.00263555	6
20	15	205	0.0565227	0.00273967	7
20	15	215	0.0717259	0.0030452	8
20	15	225	0.0954513	0.00343828	9
20	15	235	0.123953	0.00388189	10
20	15	245	0.136284	0.00400397	11
20	15	255	0.196162	0.0048185	12
20	15	265	0.155308	0.00432207	13
20	18	175	0.0749648	0.00301949	4
20	18	185	0.0543221	0.00248154	5
20	18	195	0.0496895	0.00230501	6
20	18	205	0.0399356	0.00218927	7
20	18	215	0.0449821	0.00224842	8
20	18	225	0.055044	0.00246111	9
20	18	235	0.0582948	0.00248616	10
20	18	245	0.0702187	0.00263674	11
20	18	255	0.0851264	0.00290826	12
20	18	265	0.107054	0.00322434	13
20	20	165	0.0695119	0.00281694	3
20	20	175	0.0535193	0.00234539	4
20	20	185	0.0440954	0.00212947	5
20	20	195	0.0431492	0.00208296	6
20	20	205	0.0410065	0.00204038	7
20	20	215	0.0493578	0.00215504	8
20	20	225	0.0492998	0.00217302	9
20	20	235	0.0577476	0.00231058	10
20	20	245	0.0699462	0.00250098	11
20	20	255	0.0844744	0.00276375	12
20	25	155	0.0509642	0.00214842	2
20	25	165	0.0657987	0.00252532	3
20	25	175	0.0522477	0.00213836	4
20	25	185	0.0495089	0.00205951	5
20	25	195	0.0585368	0.00217647	6
20	25	205	0.0647302	0.0022602	7
20	25	215	0.0702213	0.00231744	8
20	25	225	0.0758213	0.00234443	9
20	25	235	0.072493	0.00233899	10
20	25	245	0.0882136	0.00253034	11
20	25	255	0.0778051	0.00236167	12
20	28	165	0.0776789	0.00255855	3
20	28	175	0.0535938	0.00212635	4
20	28	185	0.0616089	0.00215518	5
20	28	195	0.0741832	0.00230829	6
20	28	205	0.0801206	0.00235805	7
20	28	215	0.0771016	0.0023904	8
20	28	225	0.0842907	0.00238054	9
20	28	235	0.0831937	0.00235899	10
20	28	245	0.0953504	0.00250078	11
20	30	155	0.0738097	0.00231049	2
20	30	165	0.0678101	0.0024371	3
20	30	175	0.053104	0.00211981	4
20	30	185	0.0590193	0.00208794	5
20	30	195	0.0681344	0.00219496	6
20	30	205	0.071839	0.00222228	7
20	30	215	0.0815071	0.00234438	8
20	30	225	0.075125	0.00221375	9
20	30	235	0.0790132	0.00226074	10
20	30	245	0.0959335	0.00248955	11
20	33	155	0.107871	0.00393977	2
20	33	165	0.0629763	0.00342326	3
20	33	175	0.0657855	0.00339959	4
20	33	185	0.0712952	0.00344699	5
20	33	195	0.0856507	0.00367212	6
20	33	205	0.0781408	0.00356499	7
20	33	215	0.062758	0.00326323	8
20	33	225	0.0702302	0.00330828	9
20	33	235	0.0672934	0.00332403	10
20	33	245	0.0834404	0.00341925	11
20	35	155	0.0986038	0.00462614	2
20	35	165	0.0663379	0.00419764	3
20	35	175	0.0665183	0.00395745	4
20	35	185	0.0816394	0.00452075	5
20	35	195	0.075992	0.00443115	6
20	35	205	0.0787596	0.00442277	7
20	35	215	0.0647157	0.00399243	8
20	35	225	0.0649168	0.00386379	9
20	35	235	0.0691054	0.00405062	10
25	15	155	0.0478	0.002189	2
25	15	165	0.0492193	0.00229973	3
25	15	175	0.0585245	0.00248114	4
25	15	185	0.0498411	0.00230339	5
25	15	195	0.0559299	0.00247333	6
25	15	205	0.076137	0.00275318	7
25	15	215	0.0852815	0.00287752	8
25	15	225	0.0984838	0.00309749	9
25	15	235	0.121877	0.00345832	10
25	15	245	0.132806	0.00356383	11
25	18	155	0.0626855	0.00223885	2
25	18	165	0.0556808	0.00220748	3
25	18	175	0.0463665	0.00205342	4
25	18	185	0.0435824	0.00198772	5
25	18	195	0.0403067	0.0018981	6
25	18	205	0.042513	0.00189173	7
25	18	215	0.0510139	0.00204494	8
25	18	225	0.0517214	0.00207293	9
25	18	235	0.0735422	0.0024231	10
25	20	155	0.0612667	0.00211474	2
25	20	165	0.0529957	0.00204088	3
25	20	175	0.0442683	0.00190898	4
25	20	185	0.0444472	0.00187778	5
25	20	195	0.0401747	0.00176264	6
25	20	205	0.0388501	0.00174537	7
25	20	215	0.0394138	0.0017102	8
25	20	225	0.0458877	0.00182991	9
25	20	235	0.0561503	0.00204128	10
25	20	245	0.0396128	0.0017095	11
25	25	155	0.0567264	0.00193064	2
25	25	165	0.0554053	0.00190668	3
25	25	175	0.0427771	0.00169381	4
25	25	185	0.0448138	0.00173205	5
25	25	195	0.0408513	0.00161947	6
25	25	205	0.0393666	0.00159149	7
25	25	215	0.045229	0.00166171	8
25	25	225	0.050231	0.00173391	9
25	25	235	0.0775694	0.00214	10
25	28	145	0.055053	0.00188117	1
25	28	155	0.0571741	0.00185449	2
25	28	165	0.0499754	0.00176983	3
25	28	175	0.0488709	0.00170657	4
25	28	185	0.0454653	0.00164558	5
25	28	195	0.046457	0.00163221	6
25	28	205	0.0492032	0.00167044	7
25	28	215	0.0546367	0.00175059	8
25	28	225	0.076164	0.00201618	9
25	28	235	0.0957618	0.00224944	10
25	30	145	0.0569649	0.00191134	1
25	30	155	0.0523412	0.00174715	2
25	30	165	0.0487354	0.00167063	3
25	30	175	0.0425854	0.00157776	4
25	30	185	0.0476077	0.00159892	5
25	30	195	0.0518554	0.00165465	6
25	30	205	0.0514714	0.00166082	7
25	30	215	0.0662014	0.00186315	8
25	30	225	0.100915	0.00225868	9
25	33	135	0.0344227	0.00207746	0
25	33	145	0.0547526	0.00276005	1
25	33	155	0.0567645	0.0027202	2
25	33	165	0.05418	0.00262142	3
25	33	175	0.0486854	0.002634	4
25	33	185	0.0476136	0.00253501	5
25	33	195	0.0502384	0.00260331	6
25	33	205	0.0579363	0.00267315	7
25	33	215	0.0722704	0.00291763	8
25	33	225	0.110689	0.00334678	9
25	35	135	0.0432998	0.00292784	0
25	35	145	0.0654937	0.00354478	1
25	35	155	0.0564908	0.00337406	2
25	35	165	0.0615616	0.00354547	3
25	35	175	0.0444256	0.00318517	4
25	35	185	0.0555299	0.00339022	5
25	35	195	0.0610646	0.00349814	6
25	35	205	0.0529242	0.00330698	7
25	35	215	0.084796	0.00378874	8
25	35	225	0.063132	0.00323493	9
28	15	145	0.0329826	0.00182601	1
28	15	155	0.0441861	0.00209921	2
28	15	165	0.0475428	0.0021982	3
28	15	175	0.0457605	0.00219565	4
28	15	185	0.0546828	0.00228111	5
28	15	195	0.0615417	0.0023994	6
28	15	205	0.0748023	0.00257831	7
28	15	215	0.0774112	0.00267719	8
28	15	225	0.0967414	0.00295575	9
28	15	235	0.0847768	0.00268864	10
28	18	145	0.0539722	0.0019775	1
28	18	155	0.0508721	0.00199473	2
28	18	165	0.04346	0.00192142	3
28	18	175	0.0490714	0.00198743	4
28	18	185	0.0411382	0.00187679	5
28	18	195	0.0437013	0.00186262	6
28	18	205	0.045338	0.0018701	7
28	18	215	0.0533295	0.00200535	8
28	18	225	0.0609224	0.00215141	9
28	20	145	0.043398	0.0017086	1
28	20	155	0.0503732	0.0018826	2
28	20	165	0.0473193	0.00189761	3
28	20	175	0.0412502	0.00175743	4
28	20	185	0.0451831	0.00179603	5
28	20	195	0.0418826	0.00173933	6
28	20	205	0.0428672	0.00173386	7
28	20	215	0.0397304	0.00166863	8
28	20	225	0.0479224	0.00180294	9
28	20	235	0.0391465	0.00159901	10
28	25	135	0.0319245	0.00132661	0
28	25	145	0.0508506	0.0016943	1
28	25	155	0.0502709	0.00171553	2
28	25	165	0.0497733	0.00167606	3
28	25	175	0.0430018	0.00161477	4
28	25	185	0.0419285	0.00159893	5
28	25	195	0.0359646	0.00146946	6
28	25	205	0.0463747	0.00158518	7
28	25	215	0.0616845	0.00181391	8
28	25	225	0.0735814	0.00196432	9
28	28	135	0.0406745	0.00152426	0
28	28	145	0.0537017	0.00168265	1
28	28	155	0.0493677	0.00164722	2
28	28	165	0.0490318	0.00163676	3
28	28	175	0.0472134	0.00161928	4
28	28	185	0.0420273	0.00149513	5
28	28	195	0.0527314	0.00162072	6
28	28	205	0.0573446	0.00169924	7
28	28	215	0.0830897	0.00199679	8
28	30	135	0.0486991	0.00159675	0
28	30	145	0.0486515	0.00160049	1
28	30	155	0.0428828	0.00152561	2
28	30	165	0.0460612	0.00157384	3
28	30	175	0.0496811	0.00159397	4
28	30	185	0.0470055	0.00151228	5
28	30	195	0.0514368	0.00157643	6
28	30	205	0.0676356	0.0017855	7
28	30	215	0.101107	0.00216455	8
28	33	135	0.079154	0.00354751	0
28	33	145	0.0513997	0.00241269	1
28	33	155	0.0500574	0.00244464	2
28	33	165	0.0589096	0.0025495	3
28	33	175	0.0537904	0.00244193	4
28	33	185	0.054907	0.00246614	5
28	33	195	0.0670277	0.002669	6
28	33	205	0.079277	0.00280818	7
28	33	215	0.11726	0.00331847	8
28	35	135	0.0488294	0.00295187	0
28	35	145	0.0502334	0.0030124	1
28	35	155	0.0589023	0.00316013	2
28	35	165	0.0546401	0.00312888	3
28	35	175	0.0478806	0.0029888	4
28	35	185	0.0627126	0.0031904	5
28	35	195	0.0608491	0.00321929	6
28	35	205	0.0778402	0.00358424	7
30	15	145	0.0346364	0.00180289	1
30	15	155	0.0349399	0.0018791	2
30	15	165	0.0400207	0.00201142	3
30	15	175	0.0436726	0.00202912	4
30	15	185	0.0464464	0.00214962	5
30	15	195	0.0594872	0.00227915	6
30	15	205	0.0610024	0.0023501	7
30	15	215	0.0655918	0.00241387	8
30	15	225	0.0772383	0.00255282	9
30	18	135	0.0232708	0.00128839	0
30	18	145	0.0334867	0.0016773	1
30	18	155	0.0370742	0.00175976	2
30	18	165	0.0415354	0.00180163	3
30	18	175	0.0383098	0.00174485	4
30	18	185	0.0471164	0.00186587	5
30	18	195	0.0412959	0.00171473	6
30	18	205	0.0407403	0.00171927	7
30	18	215	0.0467074	0.00191162	8
30	18	225	0.0326188	0.00157727	9
30	20	135	0.0342555	0.00162225	0
30	20	145	0.0393231	0.0016743	1
30	20	155	0.0369001	0.00166923	2
30	20	165	0.038098	0.00166754	3
30	20	175	0.0390737	0.00170195	4
30	20	185	0.0363242	0.00157939	5
30	20	195	0.0376801	0.00157609	6
30	20	205	0.037686	0.001609	7
30	20	215	0.0520577	0.00181911	8
30	25	135	0.0302565	0.00129389	0
30	25	145	0.039651	0.00146744	1
30	25	155	0.0437316	0.00153821	2
30	25	165	0.047001	0.00157504	3
30	25	175	0.0403751	0.00149207	4
30	25	185	0.0380992	0.00147311	5
30	25	195	0.0395884	0.00143981	6
30	25	205	0.0415018	0.00147555	7
30	25	215	0.0637925	0.00180479	8
30	28	135	0.0384106	0.00144503	0
30	28	145	0.040434	0.00143059	1
30	28	155	0.042824	0.00147325	2
30	28	165	0.0402002	0.00145423	3
30	28	175	0.0429747	0.00147865	4
30	28	185	0.0429596	0.00145566	5
30	28	195	0.0544861	0.00160239	6
30	28	205	0.0676553	0.00177596	7
30	28	215	0.0650317	0.00170343	8
30	30	135	0.0357934	0.00139958	0
30	30	145	0.0430743	0.00145316	1
30	30	155	0.0398659	0.00144094	2
30	30	165	0.0435397	0.00144667	3
30	30	175	0.0435574	0.00146298	4
30	30	185	0.0455235	0.00146461	5
30	30	195	0.0592454	0.00166275	6
30	30	205	0.0843541	0.00193367	7
30	33	135	0.0410915	0.00199654	0
30	33	145	0.0305549	0.00199463	1
30	33	155	0.0339758	0.00210613	2
30	33	165	0.0415636	0.00209578	3
30	33	175	0.0387054	0.00205342	4
30	33	185	0.054522	0.00235673	5
30	33	195	0.0643783	0.00251047	6
30	33	205	0.0831089	0.00280429	7
30	35	135	0.0262885	0.00240673	0
30	35	145	0.0382704	0.00242228	1
30	35	155	0.0377566	0.00260371	2
30	35	165	0.0407795	0.00257658	3
30	35	175	0.0399712	0.00257627	4
30	35	185	0.052482	0.00277218	5
30	35	195	0.0516635	0.00298581	6
30	35	205	0.0635646	0.00292251	7
33	15	135	0.0385857	0.00327182	0
33	15	145	0.0420522	0.00302809	1
33	15	155	0.0586855	0.00342189	2
33	15	165	0.0589675	0.00351756	3
33	15	175	0.0500508	0.00346756	4
33	15	185	0.0669642	0.00377385	5
33	15	195	0.0624514	0.00385225	6
33	15	205	0.0594785	0.0040527	7
33	18	135	0.0278422	0.00249552	0
33	18	145	0.0409154	0.00293402	1
33	18	155	0.0463688	0.00289608	2
33	18	165	0.0434786	0.00289397	3
33	18	175	0.0446099	0.0030145	4
33	18	185	0.0453381	0.00289407	5
33	18	195	0.0493274	0.00290679	6
33	18	205	0.0461942	0.00294186	7
33	18	215	0.0270091	0.00275792	8
33	20	135	0.0561842	0.00254722	0
33	20	145	0.0374603	0.00266036	1
33	20	155	0.0449768	0.00278718	2
33	20	165	0.0418501	0.00274554	3
33	20	175	0.0432421	0.00271391	4
33	20	185	0.0424468	0.00272727	5
33	20	195	0.0403711	0.00268928	6
33	20	205	0.0544595	0.00302274	7
33	25	135	0.0378224	0.00222867	0
33	25	145	0.0433988	0.00240797	1
33	25	155	0.0452709	0.00250667	2
33	25	165	0.0450123	0.00251861	3
33	25	175	0.0521632	0.00256599	4
33	25	185	0.0478639	0.00247915	5
33	25	195	0.0543066	0.00267542	6
33	25	205	0.0727282	0.00302813	7
33	28	135	0.0417259	0.00208557	0
33	28	145	0.0391289	0.00202761	1
33	28	155	0.0458376	0.00213633	2
33	28	165	0.0454414	0.00210314	3
33	28	175	0.0463974	0.00218297	4
33	28	185	0.0551363	0.00235084	5
33	28	195	0.0701498	0.0026555	6
33	30	135	0.0200109	0.00184926	0
33	30	145	0.0331476	0.00189001	1
33	30	155	0.0348731	0.00187631	2
33	30	165	0.0382451	0.00203938	3
33	30	175	0.0442431	0.00211936	4
33	30	185	0.0473153	0.00231131	5
33	30	195	0.0772771	0.00273561	6
33	33	135	0.000358967	0.000622243	0
33	33	145	0.000213377	0.000472615	1
33	33	155	0.00023653	-0.00291295	2
33	33	165	0.000241367	0.000160671	3
33	33	175	0.000173084	0.000172987	4
33	33	185	0.000207621	0.000171919	5
33	33	195	0.000325531	0.00017374	6
33	35	135	0	-nan	0
33	35	145	0	-nan	1
33	35	155	0	-nan	2
33	35	165	0	-nan	3
33	35	175	0	-nan	4
33	35	185	0	-nan	5
35	15	135	0.638082	0.278636	0
35	15	145	0.0441112	0.00407794	1
35	15	155	0.0553953	0.00441632	2
35	15	165	0.0510515	0.00452394	3
35	15	175	0.0723104	0.00496421	4
35	15	185	0.0637968	0.00479829	5
35	15	195	0.0722498	0.00496449	6
35	18	135	0.0537013	0.0168002	0
35	18	145	0.0376756	0.0033706	1
35	18	155	0.0450632	0.00370232	2
35	18	165	0.0440174	0.00355934	3
35	18	175	0.0369123	0.00376587	4
35	18	185	0.0427076	0.00372692	5
35	18	195	0.0429539	0.0037913	6
35	20	135	0.065368	0.0035584	0
35	20	145	0.0380223	0.00323772	1
35	20	155	0.0353804	0.00322155	2
35	20	165	0.0402299	0.00343694	3
35	20	175	0.0484447	0.00347571	4
35	20	185	0.0394546	0.00340086	5
35	20	195	0.04476	0.00337538	6
35	20	205	0.032579	0.00304883	7
35	25	135	0.0379749	0.00299249	0
35	25	145	0.040146	0.00303929	1
35	25	155	0.0469999	0.00305464	2
35	25	165	0.0555541	0.00326578	3
35	25	175	0.0477865	0.00318453	4
35	25	185	0.0605408	0.00364605	5
35	25	195	0.0406423	0.00386633	6
35	28	135	0.0495854	0.00286629	0
35	28	145	0.0437402	0.00302067	1
35	28	155	0.0433684	0.00317712	2
35	28	165	0.0511266	0.00315964	3
35	28	175	0.0538898	0.00322103	4
35	28	185	0.0766412	0.00380964	5
35	28	195	0.0643536	0.00346447	6
35	30	135	0.034331	0.00220044	0
35	30	145	0.0341243	0.00232088	1
35	30	155	0.0285918	0.00231252	2
35	30	165	0.0343114	0.00241703	3
35	30	175	0.040407	0.00257475	4
35	30	185	0.0556117	0.0030138	5
35	30	195	0.0537451	0.00284444	6
35	33	135	0	-nan	0
35	33	145	0	-nan	1
35	33	155	0	-nan	2
35	33	165	0	-nan	3
35	33	175	0	-nan	4
35	33	185	0	-nan	5
35	35	135	0	-nan	0
35	35	145	0	-nan	1
35	35	155	0	-nan	2
35	35	165	0	-nan	3
35	35	175	0	-nan	4
35	35	185	0	-nan	5
