    0.000000    0.000000
    2.500000    0.014576
    5.000000    0.029036
    7.500000    0.043275
   10.000000    0.057189
   12.500000    0.070692
   15.000000    0.083704
   17.500000    0.096154
   20.000000    0.107973
   22.500000    0.119078
   25.000000    0.129376
   27.500000    0.138744
   30.000000    0.147029
   32.500000    0.154036
   35.000000    0.159533
   37.500000    0.163252
   40.000000    0.164887
   42.500000    0.164113
   45.000000    0.160592
   47.500000    0.153990
   50.000000    0.143988
   52.500000    0.130300
   55.000000    0.112699
   57.500000    0.091025
   60.000000    0.065215
   62.500000    0.035319
   65.000000    0.001517
   67.500000   -0.035851
   70.000000   -0.076284
   72.500000   -0.119100
   75.000000   -0.163451
   77.500000   -0.208336
   80.000000   -0.252646
   82.500000   -0.295228
   85.000000   -0.334946
   87.500000   -0.370759
   90.000000   -0.401780
   92.500000   -0.427319
   95.000000   -0.446897
   97.500000   -0.460242
  100.000000   -0.467252
  102.500000   -0.467959
  105.000000   -0.462474
  107.500000   -0.450948
  110.000000   -0.433531
  112.500000   -0.410338
  115.000000   -0.381426
  117.500000   -0.346775
  120.000000   -0.306285
  122.500000   -0.259798
  125.000000   -0.207180
  127.500000   -0.148477
  130.000000   -0.084205
  132.500000   -0.015749
  135.000000    0.054209
  137.500000    0.121477
  140.000000    0.180707
  142.500000    0.226545
  145.000000    0.255268
  147.500000    0.266049
  150.000000    0.261045
  152.500000    0.244323
  155.000000    0.220398
  157.500000    0.193129
  160.000000    0.165271
  162.500000    0.138481
  165.000000    0.113573
  167.500000    0.090784
  170.000000    0.070008
  172.500000    0.050951
  175.000000    0.033221
  177.500000    0.016385
  180.000000    0.000000
