    0.000000    0.000000
    2.500000    0.014580
    5.000000    0.029057
    7.500000    0.043331
   10.000000    0.057311
   12.500000    0.070917
   15.000000    0.084076
   17.500000    0.096722
   20.000000    0.108784
   22.500000    0.120187
   25.000000    0.130833
   27.500000    0.140596
   30.000000    0.149319
   32.500000    0.156799
   35.000000    0.162793
   37.500000    0.167018
   40.000000    0.169154
   42.500000    0.168860
   45.000000    0.165773
   47.500000    0.159540
   50.000000    0.149820
   52.500000    0.136309
   55.000000    0.118762
   57.500000    0.097008
   60.000000    0.070973
   62.500000    0.040704
   65.000000    0.006388
   67.500000   -0.031634
   70.000000   -0.072845
   72.500000   -0.116554
   75.000000   -0.161895
   77.500000   -0.207858
   80.000000   -0.253327
   82.500000   -0.297146
   85.000000   -0.338183
   87.500000   -0.375407
   90.000000   -0.407942
   92.500000   -0.435108
   95.000000   -0.456439
   97.500000   -0.471658
  100.000000   -0.480659
  102.500000   -0.483452
  105.000000   -0.480119
  107.500000   -0.470767
  110.000000   -0.455488
  112.500000   -0.434329
  115.000000   -0.407259
  117.500000   -0.374156
  120.000000   -0.334794
  122.500000   -0.288868
  125.000000   -0.236066
  127.500000   -0.176244
  130.000000   -0.109739
  132.500000   -0.037825
  135.000000    0.036760
  137.500000    0.109505
  140.000000    0.174454
  142.500000    0.225486
  145.000000    0.258223
  147.500000    0.271542
  150.000000    0.267708
  152.500000    0.251149
  155.000000    0.226776
  157.500000    0.198771
  160.000000    0.170085
  162.500000    0.142485
  165.000000    0.116828
  167.500000    0.093364
  170.000000    0.071986
  172.500000    0.052383
  175.000000    0.034150
  177.500000    0.016844
  180.000000    0.000000
