    0.000000    0.000000
    2.500000    0.014547
    5.000000    0.028988
    7.500000    0.043218
   10.000000    0.057147
   12.500000    0.070691
   15.000000    0.083776
   17.500000    0.096331
   20.000000    0.108290
   22.500000    0.119573
   25.000000    0.130083
   27.500000    0.139697
   30.000000    0.148257
   32.500000    0.155561
   35.000000    0.161373
   37.500000    0.165409
   40.000000    0.167352
   42.500000    0.166862
   45.000000    0.163582
   47.500000    0.157156
   50.000000    0.147245
   52.500000    0.133543
   55.000000    0.115804
   57.500000    0.093854
   60.000000    0.067619
   62.500000    0.037150
   65.000000    0.002637
   67.500000   -0.035559
   70.000000   -0.076903
   72.500000   -0.120669
   75.000000   -0.165951
   77.500000   -0.211690
   80.000000   -0.256723
   82.500000   -0.299846
   85.000000   -0.339887
   87.500000   -0.375793
   90.000000   -0.406680
   92.500000   -0.431882
   95.000000   -0.450959
   97.500000   -0.463679
  100.000000   -0.469989
  102.500000   -0.469956
  105.000000   -0.463730
  107.500000   -0.451481
  110.000000   -0.433373
  112.500000   -0.409527
  115.000000   -0.379998
  117.500000   -0.344760
  120.000000   -0.303706
  122.500000   -0.256674
  125.000000   -0.203529
  127.500000   -0.144327
  130.000000   -0.079605
  132.500000   -0.010777
  135.000000    0.059441
  137.500000    0.126827
  140.000000    0.186019
  142.500000    0.231669
  145.000000    0.260080
  147.500000    0.270459
  150.000000    0.264995
  152.500000    0.247787
  155.000000    0.223377
  157.500000    0.195649
  160.000000    0.167367
  162.500000    0.140198
  165.000000    0.114954
  167.500000    0.091871
  170.000000    0.070837
  172.500000    0.051548
  175.000000    0.033608
  177.500000    0.016576
  180.000000    0.000000
