    0.000000    0.000000
    2.500000    0.014464
    5.000000    0.028822
    7.500000    0.042972
   10.000000    0.056823
   12.500000    0.070289
   15.000000    0.083298
   17.500000    0.095782
   20.000000    0.107671
   22.500000    0.118888
   25.000000    0.129336
   27.500000    0.138891
   30.000000    0.147396
   32.500000    0.154654
   35.000000    0.160424
   37.500000    0.164427
   40.000000    0.166350
   42.500000    0.165851
   45.000000    0.162577
   47.500000    0.156174
   50.000000    0.146305
   52.500000    0.132666
   55.000000    0.115010
   57.500000    0.093165
   60.000000    0.067059
   62.500000    0.036740
   65.000000    0.002399
   67.500000   -0.035606
   70.000000   -0.076743
   72.500000   -0.120286
   75.000000   -0.165339
   77.500000   -0.210847
   80.000000   -0.255651
   82.500000   -0.298550
   85.000000   -0.338380
   87.500000   -0.374091
   90.000000   -0.404801
   92.500000   -0.429847
   95.000000   -0.448792
   97.500000   -0.461408
  100.000000   -0.467647
  102.500000   -0.467584
  105.000000   -0.461376
  107.500000   -0.449204
  110.000000   -0.431243
  112.500000   -0.407624
  115.000000   -0.378421
  117.500000   -0.343624
  120.000000   -0.303144
  122.500000   -0.256837
  125.000000   -0.204576
  127.500000   -0.146411
  130.000000   -0.082838
  132.500000   -0.015179
  135.000000    0.054004
  137.500000    0.120681
  140.000000    0.179673
  142.500000    0.225709
  145.000000    0.255011
  147.500000    0.266563
  150.000000    0.262297
  152.500000    0.246123
  155.000000    0.222497
  157.500000    0.195301
  160.000000    0.167347
  162.500000    0.140357
  165.000000    0.115192
  167.500000    0.092124
  170.000000    0.071067
  172.500000    0.051734
  175.000000    0.033736
  177.500000    0.016642
  180.000000    0.000000
