  180.000000    0.000000
  177.500000    0.015500
  175.000000    0.031448
  172.500000    0.048300
  170.000000    0.066506
  167.500000    0.086502
  165.000000    0.108669
  162.500000    0.133248
  160.000000    0.160193
  157.500000    0.188931
  155.000000    0.218003
  152.500000    0.244630
  150.000000    0.264389
  147.500000    0.271368
  145.000000    0.259340
  142.500000    0.224040
  140.000000    0.166343
  137.500000    0.091649
  135.000000    0.007055
  132.500000   -0.078673
  130.000000   -0.159081
  127.500000   -0.229736
  125.000000   -0.290826
  122.500000   -0.342592
  120.000000   -0.385807
  117.500000   -0.421332
  115.000000   -0.449892
  112.500000   -0.472016
  110.000000   -0.487497
  107.500000   -0.496698
  105.000000   -0.500052
  102.500000   -0.496707
  100.000000   -0.486377
   97.500000   -0.470597
   95.000000   -0.449414
   92.500000   -0.422976
   90.000000   -0.391579
   87.500000   -0.355693
   85.000000   -0.315973
   82.500000   -0.273251
   80.000000   -0.228490
   77.500000   -0.182739
   75.000000   -0.137061
   72.500000   -0.092471
   70.000000   -0.049888
   67.500000   -0.010090
   65.000000    0.026303
   62.500000    0.058837
   60.000000    0.087218
   57.500000    0.111299
   55.000000    0.131069
   52.500000    0.146631
   50.000000    0.158186
   47.500000    0.166466
   45.000000    0.171580
   42.500000    0.173666
   40.000000    0.173086
   37.500000    0.170198
   35.000000    0.165342
   32.500000    0.158827
   30.000000    0.150924
   27.500000    0.141867
   25.000000    0.131839
   22.500000    0.120988
   20.000000    0.109429
   17.500000    0.097242
   15.000000    0.084499
   12.500000    0.071257
   10.000000    0.057577
    7.500000    0.043541
    5.000000    0.029209
    2.500000    0.014660
    0.000000    0.000000
