    0.000000    0.000000
    2.500000    0.013903
    5.000000    0.027722
    7.500000    0.041379
   10.000000    0.054802
   12.500000    0.067930
   15.000000    0.080705
   17.500000    0.093083
   20.000000    0.105007
   22.500000    0.116419
   25.000000    0.127236
   27.500000    0.137352
   30.000000    0.146617
   32.500000    0.154840
   35.000000    0.161780
   37.500000    0.167156
   40.000000    0.170381
   42.500000    0.170669
   45.000000    0.168339
   47.500000    0.163049
   50.000000    0.154470
   52.500000    0.142301
   55.000000    0.126283
   57.500000    0.105587
   60.000000    0.080558
   62.500000    0.051186
   65.000000    0.017584
   67.500000   -0.019980
   70.000000   -0.061074
   72.500000   -0.105086
   75.000000   -0.151223
   77.500000   -0.198532
   80.000000   -0.245933
   82.500000   -0.292278
   85.000000   -0.336416
   87.500000   -0.377275
   90.000000   -0.413916
   92.500000   -0.445589
   95.000000   -0.471744
   97.500000   -0.492032
  100.000000   -0.506273
  102.500000   -0.514409
  105.000000   -0.516455
  107.500000   -0.512447
  110.000000   -0.502386
  112.500000   -0.486199
  115.000000   -0.466181
  117.500000   -0.442593
  120.000000   -0.412110
  122.500000   -0.373809
  125.000000   -0.326533
  127.500000   -0.269067
  130.000000   -0.200568
  132.500000   -0.121394
  135.000000   -0.034278
  137.500000    0.054666
  140.000000    0.136214
  142.500000    0.200511
  145.000000    0.240956
  147.500000    0.256752
  150.000000    0.252266
  152.500000    0.233023
  155.000000    0.206731
  157.500000    0.178514
  160.000000    0.150934
  162.500000    0.125278
  165.000000    0.102006
  167.500000    0.081104
  170.000000    0.062303
  172.500000    0.045220
  175.000000    0.029432
  177.500000    0.014502
  180.000000    0.000000
