    0.000000    0.000000
    2.500000    0.014541
    5.000000    0.028980
    7.500000    0.043217
   10.000000    0.057163
   12.500000    0.070743
   15.000000    0.083887
   17.500000    0.096534
   20.000000    0.108626
   22.500000    0.120093
   25.000000    0.130853
   27.500000    0.140790
   30.000000    0.149762
   32.500000    0.157581
   35.000000    0.164018
   37.500000    0.168803
   40.000000    0.171629
   42.500000    0.172159
   45.000000    0.170039
   47.500000    0.164911
   50.000000    0.156426
   52.500000    0.144265
   55.000000    0.128153
   57.500000    0.107883
   60.000000    0.083329
   62.500000    0.054476
   65.000000    0.021435
   67.500000   -0.015535
   70.000000   -0.056008
   72.500000   -0.099372
   75.000000   -0.144843
   77.500000   -0.191469
   80.000000   -0.238170
   82.500000   -0.283800
   85.000000   -0.327212
   87.500000   -0.367336
   90.000000   -0.403243
   92.500000   -0.434194
   95.000000   -0.459657
   97.500000   -0.479305
  100.000000   -0.492977
  102.500000   -0.500642
  105.000000   -0.502341
  107.500000   -0.498131
  110.000000   -0.488039
  112.500000   -0.472016
  115.000000   -0.449892
  117.500000   -0.421332
  120.000000   -0.385807
  122.500000   -0.342592
  125.000000   -0.290826
  127.500000   -0.229736
  130.000000   -0.159081
  132.500000   -0.079919
  135.000000    0.004449
  137.500000    0.087873
  140.000000    0.161941
  142.500000    0.218341
  145.000000    0.252018
  147.500000    0.262996
  150.000000    0.255590
  152.500000    0.235962
  155.000000    0.209880
  157.500000    0.181610
  160.000000    0.153796
  162.500000    0.127805
  165.000000    0.104155
  167.500000    0.082865
  170.000000    0.063684
  172.500000    0.046238
  175.000000    0.030100
  177.500000    0.014833
  180.000000    0.000000
