!  65.0  0.65473E+02  0.89618E+02  0.15509E+03
! th_cm       iT11         T20         T21         T22
    1.0  -0.2351E-04  0.1031E-02 -0.1094E-04  0.2667E-06
    2.0	 -0.1270E-03  0.4191E-02 -0.8681E-04  0.4264E-05
    3.0	 -0.9959E-04  0.9698E-02 -0.2866E-03  0.2099E-04
    4.0	  0.1198E-02  0.1736E-01 -0.6169E-03  0.5831E-04
    5.0	  0.7315E-02  0.2445E-01 -0.8380E-03  0.8539E-04
    6.0	  0.2439E-01  0.2196E-01 -0.1109E-03 -0.6527E-04
    7.0	  0.5050E-01  0.1974E-02  0.2289E-02 -0.6275E-03
    8.0	  0.7025E-01 -0.2261E-01  0.5121E-02 -0.1446E-02
    9.0	  0.7890E-01 -0.3803E-01  0.7085E-02 -0.2217E-02
   10.0	  0.8198E-01 -0.4514E-01  0.8262E-02 -0.2902E-02
   11.0	  0.8344E-01 -0.4789E-01  0.9019E-02 -0.3559E-02
   12.0	  0.8475E-01 -0.4862E-01  0.9575E-02 -0.4236E-02
   13.0	  0.8631E-01 -0.4844E-01  0.1003E-01 -0.4960E-02
   14.0	  0.8821E-01 -0.4782E-01  0.1041E-01 -0.5743E-02
   15.0	  0.9039E-01 -0.4699E-01  0.1075E-01 -0.6593E-02
   16.0	  0.9280E-01 -0.4606E-01  0.1105E-01 -0.7513E-02
   17.0	  0.9539E-01 -0.4506E-01  0.1130E-01 -0.8504E-02
   18.0	  0.9810E-01 -0.4403E-01  0.1151E-01 -0.9564E-02
   19.0	  0.1009E+00 -0.4297E-01  0.1167E-01 -0.1069E-01
   20.0	  0.1037E+00 -0.4189E-01  0.1178E-01 -0.1189E-01
   21.0	  0.1066E+00 -0.4080E-01  0.1185E-01 -0.1314E-01
   22.0	  0.1095E+00 -0.3968E-01  0.1186E-01 -0.1445E-01
   23.0	  0.1123E+00 -0.3854E-01  0.1182E-01 -0.1580E-01
   24.0	  0.1151E+00 -0.3738E-01  0.1172E-01 -0.1720E-01
   25.0	  0.1178E+00 -0.3619E-01  0.1157E-01 -0.1864E-01
   26.0	  0.1204E+00 -0.3497E-01  0.1136E-01 -0.2011E-01
   27.0	  0.1229E+00 -0.3372E-01  0.1109E-01 -0.2160E-01
   28.0	  0.1253E+00 -0.3243E-01  0.1076E-01 -0.2312E-01
   29.0	  0.1276E+00 -0.3110E-01  0.1037E-01 -0.2464E-01
   30.0	  0.1297E+00 -0.2972E-01  0.9925E-02 -0.2618E-01
   31.0	  0.1317E+00 -0.2830E-01  0.9410E-02 -0.2773E-01
   32.0	  0.1335E+00 -0.2682E-01  0.8829E-02 -0.2928E-01
   33.0	  0.1351E+00 -0.2529E-01  0.8177E-02 -0.3084E-01
   34.0	  0.1365E+00 -0.2370E-01  0.7451E-02 -0.3240E-01
   35.0	  0.1378E+00 -0.2205E-01  0.6647E-02 -0.3396E-01
   36.0	  0.1388E+00 -0.2035E-01  0.5759E-02 -0.3554E-01
   37.0	  0.1396E+00 -0.1858E-01  0.4783E-02 -0.3712E-01
   38.0	  0.1402E+00 -0.1675E-01  0.3714E-02 -0.3871E-01
   39.0	  0.1405E+00 -0.1487E-01  0.2545E-02 -0.4032E-01
   40.0	  0.1406E+00 -0.1293E-01  0.1271E-02 -0.4194E-01
   41.0	  0.1404E+00 -0.1095E-01 -0.1128E-03 -0.4359E-01
   42.0	  0.1399E+00 -0.8914E-02 -0.1612E-02 -0.4525E-01
   43.0	  0.1391E+00 -0.6840E-02 -0.3233E-02 -0.4694E-01
   44.0	  0.1380E+00 -0.4732E-02 -0.4977E-02 -0.4864E-01
   45.0	  0.1365E+00 -0.2594E-02 -0.6851E-02 -0.5037E-01
   46.0	  0.1346E+00 -0.4328E-03 -0.8856E-02 -0.5212E-01
   47.0	  0.1323E+00  0.1745E-02 -0.1100E-01 -0.5388E-01
   48.0	  0.1296E+00  0.3934E-02 -0.1327E-01 -0.5566E-01
   49.0	  0.1264E+00  0.6126E-02 -0.1569E-01 -0.5746E-01
   50.0	  0.1228E+00  0.8316E-02 -0.1825E-01 -0.5927E-01
   51.0	  0.1187E+00  0.1050E-01 -0.2095E-01 -0.6108E-01
   52.0	  0.1141E+00  0.1266E-01 -0.2380E-01 -0.6291E-01
   53.0	  0.1090E+00  0.1479E-01 -0.2680E-01 -0.6473E-01
   54.0	  0.1034E+00  0.1689E-01 -0.2994E-01 -0.6657E-01
   55.0	  0.9729E-01  0.1894E-01 -0.3324E-01 -0.6841E-01
   56.0	  0.9064E-01  0.2093E-01 -0.3669E-01 -0.7026E-01
   57.0	  0.8346E-01  0.2285E-01 -0.4030E-01 -0.7212E-01
   58.0	  0.7576E-01  0.2468E-01 -0.4407E-01 -0.7399E-01
   59.0	  0.6753E-01  0.2640E-01 -0.4801E-01 -0.7588E-01
   60.0	  0.5879E-01  0.2799E-01 -0.5211E-01 -0.7780E-01
   61.0	  0.4953E-01  0.2942E-01 -0.5638E-01 -0.7974E-01
   62.0	  0.3976E-01  0.3069E-01 -0.6081E-01 -0.8171E-01
   63.0	  0.2950E-01  0.3175E-01 -0.6541E-01 -0.8372E-01
   64.0	  0.1874E-01  0.3259E-01 -0.7018E-01 -0.8578E-01
   65.0	  0.7502E-02  0.3318E-01 -0.7511E-01 -0.8788E-01
   66.0	 -0.4208E-02  0.3349E-01 -0.8020E-01 -0.9002E-01
   67.0	 -0.1638E-01  0.3350E-01 -0.8544E-01 -0.9222E-01
   68.0	 -0.2899E-01  0.3318E-01 -0.9083E-01 -0.9446E-01
   69.0	 -0.4202E-01  0.3251E-01 -0.9635E-01 -0.9674E-01
   70.0	 -0.5546E-01  0.3146E-01 -0.1020E+00 -0.9907E-01
   71.0	 -0.6928E-01  0.3001E-01 -0.1078E+00 -0.1014E+00
   72.0	 -0.8344E-01  0.2815E-01 -0.1136E+00 -0.1038E+00
   73.0	 -0.9792E-01  0.2586E-01 -0.1195E+00 -0.1063E+00
   74.0	 -0.1127E+00  0.2311E-01 -0.1256E+00 -0.1087E+00
   75.0	 -0.1277E+00  0.1990E-01 -0.1316E+00 -0.1111E+00
   76.0	 -0.1428E+00  0.1620E-01 -0.1377E+00 -0.1136E+00
   77.0	 -0.1581E+00  0.1200E-01 -0.1438E+00 -0.1160E+00
   78.0	 -0.1735E+00  0.7281E-02 -0.1500E+00 -0.1185E+00
   79.0	 -0.1889E+00  0.2029E-02 -0.1561E+00 -0.1209E+00
   80.0	 -0.2043E+00 -0.3773E-02 -0.1622E+00 -0.1232E+00
   81.0	 -0.2196E+00 -0.1014E-01 -0.1682E+00 -0.1255E+00
   82.0	 -0.2348E+00 -0.1709E-01 -0.1742E+00 -0.1278E+00
   83.0	 -0.2497E+00 -0.2464E-01 -0.1800E+00 -0.1300E+00
   84.0	 -0.2644E+00 -0.3281E-01 -0.1858E+00 -0.1321E+00
   85.0	 -0.2788E+00 -0.4159E-01 -0.1914E+00 -0.1342E+00
   86.0	 -0.2928E+00 -0.5101E-01 -0.1969E+00 -0.1361E+00
   87.0	 -0.3064E+00 -0.6106E-01 -0.2022E+00 -0.1380E+00
   88.0	 -0.3196E+00 -0.7175E-01 -0.2072E+00 -0.1397E+00
   89.0	 -0.3323E+00 -0.8307E-01 -0.2121E+00 -0.1413E+00
   90.0	 -0.3444E+00 -0.9500E-01 -0.2167E+00 -0.1428E+00
   91.0	 -0.3560E+00 -0.1075E+00 -0.2210E+00 -0.1441E+00
   92.0	 -0.3670E+00 -0.1206E+00 -0.2250E+00 -0.1453E+00
   93.0	 -0.3774E+00 -0.1343E+00 -0.2287E+00 -0.1462E+00
   94.0	 -0.3871E+00 -0.1485E+00 -0.2321E+00 -0.1471E+00
   95.0	 -0.3961E+00 -0.1631E+00 -0.2351E+00 -0.1477E+00
   96.0	 -0.4044E+00 -0.1782E+00 -0.2378E+00 -0.1481E+00
   97.0	 -0.4120E+00 -0.1938E+00 -0.2401E+00 -0.1484E+00
   98.0	 -0.4189E+00 -0.2096E+00 -0.2420E+00 -0.1484E+00
   99.0	 -0.4250E+00 -0.2258E+00 -0.2435E+00 -0.1483E+00
  100.0	 -0.4303E+00 -0.2422E+00 -0.2446E+00 -0.1480E+00
  101.0	 -0.4348E+00 -0.2589E+00 -0.2452E+00 -0.1475E+00
  102.0	 -0.4385E+00 -0.2758E+00 -0.2455E+00 -0.1468E+00
  103.0	 -0.4413E+00 -0.2928E+00 -0.2452E+00 -0.1460E+00
  104.0	 -0.4433E+00 -0.3099E+00 -0.2445E+00 -0.1450E+00
  105.0	 -0.4444E+00 -0.3270E+00 -0.2433E+00 -0.1439E+00
  106.0	 -0.4447E+00 -0.3441E+00 -0.2416E+00 -0.1426E+00
  107.0	 -0.4441E+00 -0.3611E+00 -0.2394E+00 -0.1412E+00
  108.0	 -0.4425E+00 -0.3780E+00 -0.2366E+00 -0.1398E+00
  109.0	 -0.4401E+00 -0.3947E+00 -0.2333E+00 -0.1383E+00
  110.0	 -0.4367E+00 -0.4110E+00 -0.2294E+00 -0.1367E+00
  111.0	 -0.4323E+00 -0.4270E+00 -0.2249E+00 -0.1352E+00
  112.0	 -0.4270E+00 -0.4425E+00 -0.2198E+00 -0.1337E+00
  113.0	 -0.4208E+00 -0.4573E+00 -0.2140E+00 -0.1322E+00
  114.0	 -0.4135E+00 -0.4714E+00 -0.2077E+00 -0.1309E+00
  115.0	 -0.4052E+00 -0.4846E+00 -0.2008E+00 -0.1298E+00
  116.0	 -0.3958E+00 -0.4967E+00 -0.1932E+00 -0.1289E+00
  117.0	 -0.3854E+00 -0.5075E+00 -0.1851E+00 -0.1283E+00
  118.0	 -0.3738E+00 -0.5170E+00 -0.1764E+00 -0.1281E+00
  119.0	 -0.3609E+00 -0.5248E+00 -0.1671E+00 -0.1283E+00
  120.0	 -0.3469E+00 -0.5307E+00 -0.1573E+00 -0.1290E+00
  121.0	 -0.3315E+00 -0.5344E+00 -0.1471E+00 -0.1304E+00
  122.0	 -0.3147E+00 -0.5358E+00 -0.1364E+00 -0.1325E+00
  123.0	 -0.2965E+00 -0.5345E+00 -0.1254E+00 -0.1353E+00
  124.0	 -0.2769E+00 -0.5302E+00 -0.1141E+00 -0.1391E+00
  125.0	 -0.2557E+00 -0.5226E+00 -0.1027E+00 -0.1438E+00
  126.0	 -0.2330E+00 -0.5114E+00 -0.9128E-01 -0.1495E+00
  127.0	 -0.2088E+00 -0.4963E+00 -0.8001E-01 -0.1563E+00
  128.0	 -0.1831E+00 -0.4772E+00 -0.6907E-01 -0.1642E+00
  129.0	 -0.1559E+00 -0.4536E+00 -0.5869E-01 -0.1732E+00
  130.0	 -0.1275E+00 -0.4256E+00 -0.4911E-01 -0.1833E+00
  131.0	 -0.9795E-01 -0.3931E+00 -0.4060E-01 -0.1944E+00
  132.0	 -0.6752E-01 -0.3561E+00 -0.3345E-01 -0.2063E+00
  133.0	 -0.3653E-01 -0.3149E+00 -0.2793E-01 -0.2189E+00
  134.0	 -0.5351E-02 -0.2699E+00 -0.2433E-01 -0.2319E+00
  135.0	  0.2557E-01 -0.2217E+00 -0.2288E-01 -0.2450E+00
  136.0	  0.5577E-01 -0.1711E+00 -0.2379E-01 -0.2579E+00
  137.0	  0.8473E-01 -0.1190E+00 -0.2716E-01 -0.2701E+00
  138.0	  0.1119E+00 -0.6649E-01 -0.3302E-01 -0.2813E+00
  139.0	  0.1370E+00 -0.1479E-01 -0.4129E-01 -0.2912E+00
  140.0	  0.1593E+00  0.3496E-01 -0.5180E-01 -0.2993E+00
  141.0	  0.1788E+00  0.8163E-01 -0.6425E-01 -0.3054E+00
  142.0	  0.1950E+00  0.1242E+00 -0.7830E-01 -0.3094E+00
  143.0	  0.2080E+00  0.1619E+00 -0.9350E-01 -0.3110E+00
  144.0	  0.2176E+00  0.1942E+00 -0.1094E+00 -0.3103E+00
  145.0	  0.2241E+00  0.2205E+00 -0.1255E+00 -0.3073E+00
  146.0	  0.2277E+00  0.2409E+00 -0.1415E+00 -0.3022E+00
  147.0	  0.2286E+00  0.2554E+00 -0.1568E+00 -0.2951E+00
  148.0	  0.2270E+00  0.2643E+00 -0.1712E+00 -0.2863E+00
  149.0	  0.2235E+00  0.2680E+00 -0.1844E+00 -0.2760E+00
  150.0	  0.2182E+00  0.2669E+00 -0.1961E+00 -0.2645E+00
  151.0	  0.2116E+00  0.2617E+00 -0.2063E+00 -0.2521E+00
  152.0	  0.2039E+00  0.2529E+00 -0.2148E+00 -0.2389E+00
  153.0	  0.1954E+00  0.2411E+00 -0.2216E+00 -0.2252E+00
  154.0	  0.1864E+00  0.2269E+00 -0.2268E+00 -0.2112E+00
  155.0	  0.1770E+00  0.2107E+00 -0.2302E+00 -0.1972E+00
  156.0	  0.1674E+00  0.1931E+00 -0.2321E+00 -0.1831E+00
  157.0	  0.1578E+00  0.1744E+00 -0.2325E+00 -0.1692E+00
  158.0	  0.1483E+00  0.1551E+00 -0.2314E+00 -0.1555E+00
  159.0	  0.1389E+00  0.1353E+00 -0.2289E+00 -0.1422E+00
  160.0	  0.1297E+00  0.1155E+00 -0.2252E+00 -0.1293E+00
  161.0	  0.1207E+00  0.9582E-01 -0.2203E+00 -0.1169E+00
  162.0	  0.1121E+00  0.7646E-01 -0.2144E+00 -0.1050E+00
  163.0	  0.1038E+00  0.5760E-01 -0.2074E+00 -0.9372E-01
  164.0	  0.9573E-01  0.3938E-01 -0.1995E+00 -0.8301E-01
  165.0	  0.8802E-01  0.2190E-01 -0.1907E+00 -0.7291E-01
  166.0	  0.8062E-01  0.5272E-02 -0.1812E+00 -0.6346E-01
  167.0	  0.7352E-01 -0.1043E-01 -0.1710E+00 -0.5465E-01
  168.0	  0.6671E-01 -0.2515E-01 -0.1602E+00 -0.4650E-01
  169.0	  0.6017E-01 -0.3883E-01 -0.1488E+00 -0.3902E-01
  170.0	  0.5388E-01 -0.5143E-01 -0.1368E+00 -0.3219E-01
  171.0	  0.4782E-01 -0.6290E-01 -0.1244E+00 -0.2603E-01
  172.0	  0.4197E-01 -0.7323E-01 -0.1116E+00 -0.2054E-01
  173.0	  0.3631E-01 -0.8238E-01 -0.9840E-01 -0.1570E-01
  174.0	  0.3082E-01 -0.9035E-01 -0.8491E-01 -0.1152E-01
  175.0	  0.2546E-01 -0.9711E-01 -0.7116E-01 -0.7988E-02
  176.0	  0.2023E-01 -0.1027E+00 -0.5719E-01 -0.5107E-02
  177.0	  0.1509E-01 -0.1070E+00 -0.4304E-01 -0.2870E-02
  178.0	  0.1002E-01 -0.1101E+00 -0.2877E-01 -0.1275E-02
  179.0	  0.4998E-02 -0.1119E+00 -0.1440E-01 -0.3186E-03
  180.0	  0.0000E+00 -0.1125E+00 -0.0000E+00  0.0000E+00
