!Theory esults of 140 MeV NN cdbonn
! th_cm       iT11         T20         T21         T22
0     0    -0.0333825   -0   0 
2.5     0.0125712    -0.0332255   0.0012338   -0.000245951 
5     0.025055    -0.0327532   0.00240582   -0.000982073 
7.5     0.0373673    -0.0319669   0.00345602   -0.00219682 
10     0.049431    -0.0308673   0.00432089   -0.00387604 
12.5     0.0611821    -0.0294552   0.00494385   -0.00599809 
15     0.0725608    -0.0277356   0.00526601   -0.00853901 
17.5     0.0835143    -0.0257146   0.00523195   -0.0114691 
20     0.093988    -0.0233982   0.00478912   -0.0147559 
22.5     0.103923    -0.0207925   0.00388788   -0.0183629 
25     0.113242    -0.0178997   0.00247799   -0.0222499 
27.5     0.121847    -0.0147262   0.000513842   -0.0263751 
30     0.129606    -0.0112699   -0.00205075   -0.0306902 
32.5     0.136354    -0.0075321   -0.00526197   -0.035145 
35     0.14189    -0.00351503   -0.00916601   -0.0396902 
37.5     0.145972    0.000767918   -0.0138102   -0.0442741 
40     0.148332    0.00529128   -0.0192367   -0.048851 
42.5     0.148671    0.0100063   -0.0254929   -0.0533838 
45     0.14668    0.0148379   -0.0326151   -0.057843 
47.5     0.142044    0.0196837   -0.0406339   -0.062215 
50     0.134459    0.0244079   -0.0495701   -0.0665009 
52.5     0.123646    0.0288471   -0.0594319   -0.0707219 
55     0.109366    0.0328048   -0.0702081   -0.074915 
57.5     0.091441    0.0360617   -0.0818683   -0.079136 
60     0.0697653    0.0383704   -0.0943598   -0.083456 
62.5     0.0443284    0.039458   -0.1076   -0.0879558 
65     0.0152282    0.0390231   -0.121472   -0.0927222 
67.5     -0.0173032    0.0367476   -0.135823   -0.0978329 
70     -0.0528916    0.0323006   -0.150457   -0.103352 
72.5     -0.0910071    0.0253519   -0.165135   -0.109316 
75     -0.130963    0.0155959   -0.179585   -0.115719 
77.5     -0.171934    0.00277327   -0.193508   -0.122511 
80     -0.212984    -0.0133056   -0.206593   -0.129586 
82.5     -0.25312    -0.0327383   -0.218537   -0.136789 
85     -0.291345    -0.0555312   -0.229061   -0.143922 
87.5     -0.32673    -0.0815761   -0.237917   -0.150754 
90     -0.358462    -0.110671   -0.244903   -0.157043 
92.5     -0.385891    -0.142525   -0.249857   -0.162552 
95     -0.408542    -0.176755   -0.25266   -0.16707 
97.5     -0.426112    -0.212911   -0.253225   -0.17043 
100     -0.438445    -0.25047   -0.251493   -0.172521 
102.5     -0.445491    -0.288855   -0.247419   -0.173305 
105     -0.447263    -0.327414   -0.240963   -0.172821 
107.5     -0.443792    -0.365423   -0.232072   -0.171201 
110     -0.435079    -0.402037   -0.220668   -0.16868 
112.5     -0.421061    -0.436239   -0.206645   -0.165618 
115     -0.401566    -0.466739   -0.18988   -0.162529 
117.5     -0.376285    -0.491848   -0.17027   -0.160105 
120     -0.344737    -0.50933   -0.14782   -0.159244 
122.5     -0.306277    -0.516257   -0.122783   -0.161051 
125     -0.260151    -0.508943   -0.0958632   -0.166781 
127.5     -0.205692    -0.483084   -0.0684859   -0.177688 
130     -0.14272    -0.434339   -0.0430669   -0.194707 
132.5     -0.0722014    -0.359639   -0.0231402   -0.217917 
135     0.00293409    -0.259322   -0.0130371   -0.245861 
137.5     0.0772651    -0.139555   -0.0168228   -0.27503 
140     0.143405    -0.0133558   -0.036503   -0.300105 
142.5     0.194024    0.101762   -0.070375   -0.315404 
145     0.224595    0.189558   -0.112889   -0.317032 
147.5     0.235012    0.240873   -0.156536   -0.304352 
150     0.228968    0.2556   -0.194524   -0.27977 
152.5     0.211856    0.240336   -0.222508   -0.247285 
155     0.188796    0.204379   -0.238801   -0.210961 
157.5     0.163619    0.156632   -0.243634   -0.174064 
160     0.138731    0.104167   -0.238259   -0.138848 
162.5     0.115396    0.0520049   -0.22429   -0.106707 
165     0.0941101    0.00344927   -0.203339   -0.078418 
167.5     0.0749129    -0.0394417   -0.176863   -0.0543671 
170     0.0575959    -0.0754462   -0.146121   -0.0347089 
172.5     0.041829    -0.103871   -0.112189   -0.019474 
175     0.0272348    -0.124345   -0.0759937   -0.00863601 
177.5     0.0134234    -0.136684   -0.0383499   -0.00215583 
180     0    -0.140803   -0   0 
