0	0	0
5	0.001663	0.0496441
10	0.00665201	0.184787
15	0.014967	0.37068
20	0.026608	0.566622
25	0.0415751	0.739689
30	0.0598681	0.871076
35	0.0814871	0.955322
40	0.106432	0.995994
45	0.134703	1.00109
50	0.1663	0.9797
55	0.201223	0.94016
60	0.239472	0.889278
65	0.281047	0.83222
70	0.325949	0.772697
75	0.374176	0.713253
80	0.425729	0.655545
85	0.480608	0.600591
90	0.538813	0.54896
95	0.600344	0.500912
100	0.665201	0.456505
105	0.733384	0.415665
110	0.804893	0.37824
115	0.879729	0.344031
120	0.95789	0.312818
125	1.03938	0.284375
130	1.12419	0.258477
135	1.21233	0.234908
140	1.30379	0.213466
145	1.39859	0.193961
150	1.4967	0.176218
155	1.59815	0.160078
160	1.70291	0.145393
165	1.81101	0.13203
170	1.92243	0.119869
175	2.03718	0.108799
180	2.15525	0.0987217
185	2.27665	0.0895457
190	2.40138	0.0811897
195	2.52943	0.0735801
200	2.6608	0.0666497
205	2.79551	0.0603378
210	2.93354	0.0545896
215	3.07489	0.0493551
220	3.21957	0.0445889
225	3.36758	0.0402501
230	3.51891	0.0363011
235	3.67357	0.0327079
240	3.83156	0.0294396
245	3.99287	0.0264681
250	4.15751	0.0237676
255	4.32547	0.0213147
260	4.49676	0.019088
265	4.67138	0.017068
270	4.84932	0.0152369
275	5.03058	0.0135782
280	5.21518	0.0120773
285	5.4031	0.0107203
290	5.59434	0.00949482
295	5.78891	0.00838941
300	5.98681	0.00739361
305	6.18803	0.0064978
310	6.39258	0.00569319
315	6.60046	0.00497174
320	6.81166	0.00432603
325	7.02619	0.00374929
330	7.24404	0.00323532
335	7.46522	0.0027784
340	7.68973	0.00237332
345	7.91756	0.00201528
350	8.14871	0.00169989
355	8.3832	0.00142312
360	8.62101	0.00118127
365	8.86214	0.00097097
370	9.1066	0.00078912
375	9.35439	0.000632882
380	9.6055	0.000499662
385	9.85994	0.000387084
390	10.1177	0.00029298
395	10.3788	0.000215365
400	10.6432	0.000152431
405	10.911	0.000102526
410	11.182	6.41454e-05
415	11.4564	3.59187e-05
420	11.7341	1.66001e-05
425	12.0152	5.05753e-06
430	12.2996	2.63738e-07
435	12.5873	1.28811e-06
440	12.8783	7.28876e-06
445	13.1726	1.75053e-05
450	13.4703	3.12525e-05
455	13.7713	4.79136e-05
460	14.0757	6.69353e-05
465	14.3833	8.78222e-05
470	14.6943	0.000110132
475	15.0086	0.000133471
480	15.3262	0.000157489
485	15.6472	0.00018188
490	15.9715	0.00020637
495	16.2991	0.000230724
500	16.63	0.000254733
505	16.9643	0.000278222
510	17.3019	0.000301035
515	17.6428	0.000323045
520	17.987	0.000344143
525	18.3346	0.000364238
530	18.6855	0.00038326
535	19.0397	0.000401151
540	19.3973	0.000417869
545	19.7581	0.000433381
550	20.1223	0.000447671
555	20.4899	0.000460727
560	20.8607	0.000472549
565	21.2349	0.000483145
570	21.6124	0.000492526
575	21.9932	0.000500715
580	22.3774	0.000507734
585	22.7648	0.000513613
590	23.1557	0.000518385
595	23.5498	0.000522085
600	23.9472	0.000524752
605	24.348	0.000526428
610	24.7521	0.000527152
615	25.1596	0.000526971
620	25.5703	0.000525927
625	25.9844	0.000524067
630	26.4018	0.000521434
635	26.8226	0.000518074
640	27.2466	0.000514032
645	27.674	0.000509353
650	28.1047	0.000504081
655	28.5388	0.000498258
660	28.9762	0.000491928
665	29.4169	0.00048513
670	29.8609	0.000477907
675	30.3082	0.000470295
680	30.7589	0.000462334
685	31.2129	0.00045406
690	31.6702	0.000445506
695	32.1309	0.000436708
700	32.5949	0.000427698
705	33.0622	0.000418505
710	33.5328	0.00040916
715	34.0067	0.000399691
720	34.484	0.000390123
725	34.9646	0.000380482
730	35.4486	0.000370792
735	35.9358	0.000361074
740	36.4264	0.000351351
745	36.9203	0.00034164
750	37.4176	0.000331962
755	37.9181	0.000322332
760	38.422	0.000312766
765	38.9292	0.00030328
770	39.4398	0.000293887
775	39.9536	0.000284598
780	40.4708	0.000275427
785	40.9914	0.000266382
790	41.5152	0.000257473
795	42.0424	0.00024871
800	42.5729	0.000240098
805	43.1067	0.000231646
810	43.6438	0.000223358
815	44.1843	0.000215241
820	44.7281	0.000207298
825	45.2753	0.000199533
830	45.8257	0.00019195
835	46.3795	0.00018455
840	46.9366	0.000177336
845	47.497	0.000170309
850	48.0608	0.00016347
855	48.6279	0.000156819
860	49.1983	0.000150356
865	49.772	0.000144081
870	50.3491	0.000137993
875	50.9295	0.000132091
880	51.5132	0.000126373
885	52.1002	0.000120837
890	52.6906	0.000115482
895	53.2843	0.000110305
900	53.8813	0.000105303
905	54.4816	0.000100475
910	55.0853	9.5816e-05
915	55.6923	9.13242e-05
920	56.3026	8.69961e-05
925	56.9163	8.28284e-05
930	57.5332	7.88176e-05
935	58.1535	7.49604e-05
940	58.7772	7.1253e-05
945	59.4041	6.76918e-05
950	60.0344	6.42731e-05
955	60.668	6.09933e-05
960	61.3049	5.78485e-05
965	61.9452	5.4835e-05
970	62.5888	5.1949e-05
975	63.2357	4.91868e-05
980	63.8859	4.65446e-05
985	64.5395	4.40186e-05
990	65.1964	4.16053e-05
995	65.8566	3.93008e-05
1000	66.5201	3.71016e-05
1005	67.187	3.50042e-05
1010	67.8572	3.30049e-05
1015	68.5307	3.11003e-05
1020	69.2075	2.92871e-05
1025	69.8877	2.75617e-05
1030	70.5712	2.59211e-05
1035	71.258	2.43618e-05
1040	71.9482	2.28808e-05
1045	72.6416	2.14751e-05
1050	73.3384	2.01415e-05
1055	74.0386	1.88773e-05
1060	74.742	1.76794e-05
1065	75.4488	1.65453e-05
1070	76.1589	1.5472e-05
1075	76.8723	1.44571e-05
1080	77.5891	1.3498e-05
1085	78.3091	1.25922e-05
1090	79.0325	1.17374e-05
1095	79.7593	1.09311e-05
1100	80.4893	1.01713e-05
1105	81.2227	9.45562e-06
1110	81.9594	8.78211e-06
1115	82.6995	8.14871e-06
1120	83.4428	7.55349e-06
1125	84.1895	6.99456e-06
1130	84.9395	6.47012e-06
1135	85.6929	5.97844e-06
1140	86.4495	5.51786e-06
1145	87.2095	5.08677e-06
1150	87.9729	4.68362e-06
1155	88.7395	4.30694e-06
1160	89.5095	3.95533e-06
1165	90.2828	3.62742e-06
1170	91.0594	3.32191e-06
1175	91.8393	3.03755e-06
1180	92.6226	2.77317e-06
1185	93.4092	2.52762e-06
1190	94.1991	2.29983e-06
1195	94.9924	2.08875e-06
1200	95.789	1.8934e-06
1205	96.5889	1.71284e-06
1210	97.3921	1.54617e-06
1215	98.1987	1.39255e-06
1220	99.0085	1.25116e-06
1225	99.8217	1.12122e-06
1230	100.638	1.002e-06
1235	101.458	8.92827e-07
1240	102.281	7.93025e-07
1245	103.108	7.01973e-07
1250	103.938	6.19076e-07
1255	104.771	5.43776e-07
1260	105.607	4.75548e-07
1265	106.447	4.1389e-07
1270	107.29	3.58331e-07
1275	108.137	3.08422e-07
1280	108.987	2.63742e-07
1285	109.84	2.239e-07
1290	110.696	1.88522e-07
1295	111.556	1.57259e-07
1300	112.419	1.29781e-07
1305	113.285	1.05776e-07
1310	114.155	8.49585e-08
1315	115.028	6.70567e-08
1320	115.905	5.18163e-08
1325	116.784	3.89998e-08
1330	117.667	2.83844e-08
1335	118.554	1.97635e-08
1340	119.444	1.29448e-08
1345	120.337	7.74878e-09
1350	121.233	4.00829e-09
1355	122.133	1.56804e-09
1360	123.036	2.84338e-10
1365	123.942	2.42407e-11
1370	124.852	6.64734e-10
1375	125.765	2.09206e-09
1380	126.681	4.20144e-09
1385	127.601	6.89669e-09
1390	128.524	1.00897e-08
1395	129.45	1.36995e-08
1400	130.379	1.76514e-08
1405	131.312	2.1878e-08
1410	132.249	2.63177e-08
1415	133.188	3.0915e-08
1420	134.131	3.56202e-08
1425	135.077	4.03872e-08
1430	136.027	4.51749e-08
1435	136.98	4.99466e-08
1440	137.936	5.46697e-08
1445	138.896	5.93161e-08
1450	139.859	6.3861e-08
1455	140.825	6.82821e-08
1460	141.794	7.25594e-08
1465	142.767	7.6676e-08
1470	143.743	8.06184e-08
1475	144.723	8.43756e-08
1480	145.706	8.79386e-08
1485	146.692	9.12996e-08
1490	147.681	9.4452e-08
1495	148.674	9.73917e-08
1500	149.67	1.00115e-07
1505	150.67	1.02622e-07
1510	151.673	1.04914e-07
1515	152.679	1.0699e-07
1520	153.688	1.08852e-07
1525	154.701	1.10503e-07
1530	155.717	1.11945e-07
1535	156.736	1.13184e-07
1540	157.759	1.14224e-07
1545	158.785	1.15071e-07
1550	159.815	1.15731e-07
1555	160.847	1.16209e-07
1560	161.883	1.16511e-07
1565	162.923	1.16644e-07
1570	163.965	1.16615e-07
1575	165.011	1.16431e-07
1580	166.061	1.161e-07
1585	167.113	1.15628e-07
1590	168.17	1.15022e-07
1595	169.229	1.1429e-07
1600	170.291	1.13438e-07
1605	171.357	1.12473e-07
1610	172.427	1.11404e-07
1615	173.499	1.10238e-07
1620	174.575	1.0898e-07
1625	175.655	1.07637e-07
1630	176.737	1.06215e-07
1635	177.823	1.04721e-07
1640	178.913	1.03161e-07
1645	180.005	1.01542e-07
1650	181.101	9.9869e-08
1655	182.2	9.81478e-08
1660	183.303	9.63836e-08
1665	184.409	9.45812e-08
1670	185.518	9.27457e-08
1675	186.63	9.08823e-08
1680	187.746	8.89959e-08
1685	188.866	8.70905e-08
1690	189.988	8.51706e-08
1695	191.114	8.32396e-08
1700	192.243	8.13012e-08
1705	193.376	7.93591e-08
1710	194.511	7.74168e-08
1715	195.651	7.5477e-08
1720	196.793	7.3544e-08
1725	197.939	7.16195e-08
1730	199.088	6.97066e-08
1735	200.241	6.7807e-08
1740	201.396	6.59235e-08
1745	202.555	6.40579e-08
1750	203.718	6.22123e-08
1755	204.884	6.03887e-08
1760	206.053	5.85891e-08
1765	207.225	5.68143e-08
1770	208.401	5.50661e-08
1775	209.58	5.33454e-08
1780	210.762	5.16531e-08
1785	211.948	4.99905e-08
1790	213.137	4.83583e-08
1795	214.329	4.67579e-08
1800	215.525	4.51894e-08
1805	216.724	4.36535e-08
1810	217.927	4.21506e-08
1815	219.132	4.06809e-08
1820	220.341	3.9245e-08
1825	221.554	3.78427e-08
1830	222.769	3.64745e-08
1835	223.988	3.51406e-08
1840	225.211	3.38407e-08
1845	226.436	3.25752e-08
1850	227.665	3.13432e-08
1855	228.897	3.01449e-08
1860	230.133	2.89801e-08
1865	231.372	2.78484e-08
1870	232.614	2.67497e-08
1875	233.86	2.56836e-08
1880	235.109	2.46499e-08
1885	236.361	2.36477e-08
1890	237.617	2.26771e-08
1895	238.875	2.17372e-08
1900	240.138	2.08274e-08
1905	241.403	1.99477e-08
1910	242.672	1.90971e-08
1915	243.944	1.82753e-08
1920	245.22	1.74817e-08
1925	246.499	1.67156e-08
1930	247.781	1.59766e-08
1935	249.066	1.5264e-08
1940	250.355	1.4577e-08
1945	251.647	1.39152e-08
1950	252.943	1.32779e-08
1955	254.242	1.26646e-08
1960	255.544	1.20745e-08
1965	256.849	1.15072e-08
1970	258.158	1.09619e-08
1975	259.47	1.04381e-08
1980	260.785	9.93502e-09
1985	262.104	9.45216e-09
1990	263.426	8.98902e-09
1995	264.752	8.54482e-09
2000	266.08	8.11895e-09
2005	267.413	7.71117e-09
2010	268.748	7.3205e-09
2015	270.087	6.9466e-09
2020	271.429	6.5889e-09
2025	272.774	6.24682e-09
2030	274.123	5.91981e-09
2035	275.475	5.60734e-09
2040	276.83	5.30887e-09
2045	278.189	5.02401e-09
2050	279.551	4.75223e-09
2055	280.916	4.49296e-09
2060	282.285	4.24581e-09
2065	283.657	4.01032e-09
2070	285.032	3.78603e-09
2075	286.411	3.57251e-09
2080	287.793	3.36932e-09
2085	289.178	3.17606e-09
2090	290.567	2.99231e-09
2095	291.958	2.81776e-09
2100	293.354	2.65196e-09
2105	294.752	2.49453e-09
2110	296.154	2.34519e-09
2115	297.559	2.20353e-09
2120	298.968	2.06926e-09
2125	300.38	1.94208e-09
2130	301.795	1.8216e-09
2135	303.214	1.70763e-09
2140	304.636	1.59977e-09
2145	306.061	1.49779e-09
2150	307.489	1.40141e-09
2155	308.921	1.31037e-09
2160	310.356	1.22447e-09
2165	311.795	1.1434e-09
2170	313.237	1.06694e-09
2175	314.682	9.94944e-10
2180	316.13	9.27101e-10
2185	317.582	8.632e-10
2190	319.037	8.03127e-10
2195	320.496	7.4664e-10
2200	321.957	6.93591e-10
2205	323.422	6.43758e-10
2210	324.891	5.96967e-10
2215	326.363	5.53128e-10
2220	327.838	5.12042e-10
2225	329.316	4.73553e-10
2230	330.798	4.37549e-10
2235	332.283	4.03856e-10
2240	333.771	3.724e-10
2245	335.263	3.42992e-10
2250	336.758	3.15595e-10
2255	338.256	2.90032e-10
2260	339.758	2.66219e-10
2265	341.263	2.44071e-10
2270	342.772	2.23485e-10
2275	344.283	2.04336e-10
2280	345.798	1.86579e-10
2285	347.316	1.70121e-10
2290	348.838	1.54876e-10
2295	350.363	1.40763e-10
2300	351.891	1.27723e-10
2305	353.423	1.15683e-10
2310	354.958	1.04571e-10
2315	356.496	9.43555e-11
2320	358.038	8.49546e-11
2325	359.583	7.63236e-11
2330	361.131	6.84052e-11
2335	362.683	6.11588e-11
2340	364.238	5.45325e-11
2345	365.796	4.84783e-11
2350	367.357	4.29734e-11
2355	368.922	3.79625e-11
2360	370.49	3.34156e-11
2365	372.062	2.92943e-11
2370	373.637	2.55803e-11
2375	375.215	2.22378e-11
2380	376.797	1.92268e-11
2385	378.381	1.65395e-11
2390	379.97	1.41329e-11
2395	381.561	1.2e-11
2400	383.156	1.01034e-11
2405	384.754	8.43676e-12
2410	386.355	6.97248e-12
2415	387.96	5.69519e-12
2420	389.568	4.58997e-12
2425	391.18	3.6391e-12
2430	392.795	2.83264e-12
2435	394.413	2.15202e-12
2440	396.034	1.58634e-12
2445	397.659	1.12501e-12
2450	399.287	7.57834e-13
2455	400.918	4.73761e-13
2460	402.553	2.64214e-13
2465	404.191	1.20312e-13
2470	405.833	3.52518e-14
2475	407.477	1.28715e-15
2480	409.125	1.20125e-14
2485	410.777	6.13848e-14
2490	412.431	1.43967e-13
2495	414.089	2.54591e-13
