    0.000000    0.023605
    2.500000    0.023920
    5.000000    0.024861
    7.500000    0.026409
   10.000000    0.028540
   12.500000    0.031217
   15.000000    0.034402
   17.500000    0.038048
   20.000000    0.042103
   22.500000    0.046508
   25.000000    0.051195
   27.500000    0.056096
   30.000000    0.061126
   32.500000    0.066199
   35.000000    0.071231
   37.500000    0.076142
   40.000000    0.080871
   42.500000    0.085388
   45.000000    0.089695
   47.500000    0.093841
   50.000000    0.097924
   52.500000    0.102096
   55.000000    0.106560
   57.500000    0.111568
   60.000000    0.117418
   62.500000    0.124443
   65.000000    0.133006
   67.500000    0.143467
   70.000000    0.156171
   72.500000    0.171414
   75.000000    0.189403
   77.500000    0.210234
   80.000000    0.233858
   82.500000    0.260075
   85.000000    0.288547
   87.500000    0.318797
   90.000000    0.350263
   92.500000    0.382329
   95.000000    0.414358
   97.500000    0.445744
  100.000000    0.475924
  102.500000    0.504424
  105.000000    0.530851
  107.500000    0.554922
  110.000000    0.576445
  112.500000    0.595326
  115.000000    0.611543
  117.500000    0.625099
  120.000000    0.635969
  122.500000    0.643997
  125.000000    0.648750
  127.500000    0.649357
  130.000000    0.644366
  132.500000    0.631746
  135.000000    0.609212
  137.500000    0.575046
  140.000000    0.529241
  142.500000    0.474339
  145.000000    0.415078
  147.500000    0.356830
  150.000000    0.303839
  152.500000    0.258367
  155.000000    0.220877
  157.500000    0.190732
  160.000000    0.166835
  162.500000    0.148049
  165.000000    0.133385
  167.500000    0.122056
  170.000000    0.113466
  172.500000    0.107178
  175.000000    0.102883
  177.500000    0.100384
  180.000000    0.099563
