    0.000000    0.020336
    2.500000    0.020652
    5.000000    0.021593
    7.500000    0.023145
   10.000000    0.025282
   12.500000    0.027970
   15.000000    0.031169
   17.500000    0.034836
   20.000000    0.038923
   22.500000    0.043372
   25.000000    0.048125
   27.500000    0.053114
   30.000000    0.058263
   32.500000    0.063490
   35.000000    0.068716
   37.500000    0.073869
   40.000000    0.078892
   42.500000    0.083754
   45.000000    0.088458
   47.500000    0.093050
   50.000000    0.097625
   52.500000    0.102328
   55.000000    0.107354
   57.500000    0.112943
   60.000000    0.119383
   62.500000    0.126997
   65.000000    0.136135
   67.500000    0.147150
   70.000000    0.160383
   72.500000    0.176122
   75.000000    0.194571
   77.500000    0.215821
   80.000000    0.239826
   82.500000    0.266387
   85.000000    0.295158
   87.500000    0.325665
   90.000000    0.357346
   92.500000    0.389576
   95.000000    0.421720
   97.500000    0.453163
  100.000000    0.483342
  102.500000    0.511771
  105.000000    0.538060
  107.500000    0.561914
  110.000000    0.583147
  112.500000    0.601660
  115.000000    0.617428
  117.500000    0.630457
  120.000000    0.640725
  122.500000    0.648069
  125.000000    0.652049
  127.500000    0.651781
  130.000000    0.645790
  132.500000    0.632009
  135.000000    0.608140
  137.500000    0.572492
  140.000000    0.525184
  142.500000    0.468949
  145.000000    0.408733
  147.500000    0.350011
  150.000000    0.296998
  152.500000    0.251832
  155.000000    0.214830
  157.500000    0.185233
  160.000000    0.161871
  162.500000    0.143566
  165.000000    0.129311
  167.500000    0.118317
  170.000000    0.109987
  172.500000    0.103894
  175.000000    0.099736
  177.500000    0.097316
  180.000000    0.096520
