    0.000000    0.020967
    2.500000    0.021283
    5.000000    0.022226
    7.500000    0.023778
   10.000000    0.025914
   12.500000    0.028604
   15.000000    0.031803
   17.500000    0.035471
   20.000000    0.039556
   22.500000    0.044005
   25.000000    0.048755
   27.500000    0.053738
   30.000000    0.058875
   32.500000    0.064086
   35.000000    0.069291
   37.500000    0.074416
   40.000000    0.079405
   42.500000    0.084225
   45.000000    0.088881
   47.500000    0.093424
   50.000000    0.097946
   52.500000    0.102599
   55.000000    0.107579
   57.500000    0.113131
   60.000000    0.119550
   62.500000    0.127161
   65.000000    0.136317
   67.500000    0.147379
   70.000000    0.160687
   72.500000    0.176525
   75.000000    0.195102
   77.500000    0.216499
   80.000000    0.240663
   82.500000    0.267388
   85.000000    0.296312
   87.500000    0.326958
   90.000000    0.358749
   92.500000    0.391055
   95.000000    0.423235
   97.500000    0.454675
  100.000000    0.484815
  102.500000    0.513181
  105.000000    0.539390
  107.500000    0.563162
  110.000000    0.584321
  112.500000    0.602786
  115.000000    0.618548
  117.500000    0.631630
  120.000000    0.642022
  122.500000    0.649566
  125.000000    0.653826
  127.500000    0.653888
  130.000000    0.648222
  132.500000    0.634681
  135.000000    0.610865
  137.500000    0.575026
  140.000000    0.527317
  142.500000    0.470628
  145.000000    0.410079
  147.500000    0.351241
  150.000000    0.298316
  152.500000    0.253349
  155.000000    0.216577
  157.500000    0.187182
  160.000000    0.163974
  162.500000    0.145770
  165.000000    0.131576
  167.500000    0.120611
  170.000000    0.112293
  172.500000    0.106199
  175.000000    0.102038
  177.500000    0.099614
  180.000000    0.098817
