    0.000000    0.000000
    2.500000   -0.002447
    5.000000   -0.004810
    7.500000   -0.007003
   10.000000   -0.008943
   12.500000   -0.010548
   15.000000   -0.011745
   17.500000   -0.012457
   20.000000   -0.012616
   22.500000   -0.012154
   25.000000   -0.011007
   27.500000   -0.009107
   30.000000   -0.006384
   32.500000   -0.002756
   35.000000    0.001864
   37.500000    0.007578
   40.000000    0.014496
   42.500000    0.022737
   45.000000    0.032427
   47.500000    0.043686
   50.000000    0.056622
   52.500000    0.071324
   55.000000    0.087844
   57.500000    0.106190
   60.000000    0.126317
   62.500000    0.148102
   65.000000    0.171343
   67.500000    0.195741
   70.000000    0.220887
   72.500000    0.246275
   75.000000    0.271300
   77.500000    0.295290
   80.000000    0.317547
   82.500000    0.337378
   85.000000    0.354140
   87.500000    0.367292
   90.000000    0.376397
   92.500000    0.381155
   95.000000    0.381392
   97.500000    0.377061
  100.000000    0.368215
  102.500000    0.354999
  105.000000    0.337615
  107.500000    0.316292
  110.000000    0.291270
  112.500000    0.262787
  115.000000    0.231092
  117.500000    0.196520
  120.000000    0.159602
  122.500000    0.121252
  125.000000    0.083019
  127.500000    0.047351
  130.000000    0.017819
  132.500000   -0.000915
  135.000000   -0.003622
  137.500000    0.014217
  140.000000    0.054473
  142.500000    0.114582
  145.000000    0.187152
  147.500000    0.261770
  150.000000    0.328146
  152.500000    0.378791
  155.000000    0.410004
  157.500000    0.421340
  160.000000    0.414417
  162.500000    0.391816
  165.000000    0.356342
  167.500000    0.310636
  170.000000    0.257038
  172.500000    0.197551
  175.000000    0.133901
  177.500000    0.067597
  180.000000    0.000000
