    0.000000    0.000000
    2.500000   -0.002286
    5.000000   -0.004484
    7.500000   -0.006507
   10.000000   -0.008267
   12.500000   -0.009680
   15.000000   -0.010668
   17.500000   -0.011153
   20.000000   -0.011061
   22.500000   -0.010321
   25.000000   -0.008866
   27.500000   -0.006625
   30.000000   -0.003521
   32.500000    0.000525
   35.000000    0.005607
   37.500000    0.011825
   40.000000    0.019290
   42.500000    0.028122
   45.000000    0.038443
   47.500000    0.050368
   50.000000    0.064004
   52.500000    0.079427
   55.000000    0.096683
   57.500000    0.115763
   60.000000    0.136605
   62.500000    0.159065
   65.000000    0.182906
   67.500000    0.207794
   70.000000    0.233278
   72.500000    0.258805
   75.000000    0.283726
   77.500000    0.307323
   80.000000    0.328861
   82.500000    0.347628
   85.000000    0.362981
   87.500000    0.374388
   90.000000    0.381455
   92.500000    0.383935
   95.000000    0.381723
   97.500000    0.374850
  100.000000    0.363455
  102.500000    0.347765
  105.000000    0.328064
  107.500000    0.304659
  110.000000    0.277861
  112.500000    0.247974
  115.000000    0.215311
  117.500000    0.180258
  120.000000    0.143390
  122.500000    0.105646
  125.000000    0.068553
  127.500000    0.034475
  130.000000    0.006776
  132.500000   -0.010219
  135.000000   -0.011752
  137.500000    0.006202
  140.000000    0.045236
  142.500000    0.102924
  145.000000    0.172491
  147.500000    0.244359
  150.000000    0.308904
  152.500000    0.358907
  155.000000    0.390572
  157.500000    0.403175
  160.000000    0.398025
  162.500000    0.377459
  165.000000    0.344119
  167.500000    0.300558
  170.000000    0.249062
  172.500000    0.191627
  175.000000    0.129982
  177.500000    0.065646
  180.000000    0.000000
