   10.0  0.2243E+02  0.1386E+00  0.9388E-01  0.1978E-01  0.2984E-01 -0.4962E-01 -0.1068E-01  0.8131E-01 -0.3508E-01  0.6169E-02 -0.2902E-02
   11.0  0.2419E+02  0.1410E+00  0.9528E-01  0.1953E-01  0.3199E-01 -0.5153E-01 -0.1146E-01  0.8251E-01 -0.3643E-01  0.6617E-02 -0.3598E-02
   12.0  0.2573E+02  0.1432E+00  0.9658E-01  0.1828E-01  0.3321E-01 -0.5150E-01 -0.1197E-01  0.8364E-01 -0.3641E-01  0.6912E-02 -0.4311E-02
   13.0  0.2696E+02  0.1459E+00  0.9823E-01  0.1653E-01  0.3409E-01 -0.5062E-01 -0.1234E-01  0.8507E-01 -0.3579E-01  0.7122E-02 -0.5070E-02
   14.0  0.2786E+02  0.1491E+00  0.1003E+00  0.1448E-01  0.3488E-01 -0.4936E-01 -0.1260E-01  0.8686E-01 -0.3491E-01  0.7273E-02 -0.5889E-02
   15.0  0.2846E+02  0.1529E+00  0.1027E+00  0.1223E-01  0.3570E-01 -0.4793E-01 -0.1277E-01  0.8894E-01 -0.3389E-01  0.7374E-02 -0.6775E-02
   16.0  0.2880E+02  0.1570E+00  0.1054E+00  0.9812E-02  0.3660E-01 -0.4641E-01 -0.1286E-01  0.9127E-01 -0.3282E-01  0.7425E-02 -0.7734E-02
   17.0  0.2892E+02  0.1615E+00  0.1083E+00  0.7242E-02  0.3760E-01 -0.4485E-01 -0.1286E-01  0.9377E-01 -0.3171E-01  0.7425E-02 -0.8765E-02
   18.0  0.2885E+02  0.1661E+00  0.1113E+00  0.4532E-02  0.3871E-01 -0.4325E-01 -0.1277E-01  0.9641E-01 -0.3058E-01  0.7370E-02 -0.9868E-02
   19.0  0.2861E+02  0.1710E+00  0.1145E+00  0.1687E-02  0.3993E-01 -0.4162E-01 -0.1257E-01  0.9914E-01 -0.2943E-01  0.7258E-02 -0.1104E-01
   20.0  0.2825E+02  0.1759E+00  0.1177E+00 -0.1284E-02  0.4125E-01 -0.3997E-01 -0.1227E-01  0.1019E+00 -0.2826E-01  0.7085E-02 -0.1228E-01
   21.0  0.2778E+02  0.1809E+00  0.1209E+00 -0.4375E-02  0.4267E-01 -0.3830E-01 -0.1186E-01  0.1047E+00 -0.2708E-01  0.6849E-02 -0.1358E-01
   22.0  0.2722E+02  0.1859E+00  0.1241E+00 -0.7579E-02  0.4417E-01 -0.3660E-01 -0.1134E-01  0.1075E+00 -0.2588E-01  0.6547E-02 -0.1494E-01
   23.0  0.2659E+02  0.1908E+00  0.1273E+00 -0.1088E-01  0.4575E-01 -0.3487E-01 -0.1070E-01  0.1103E+00 -0.2466E-01  0.6177E-02 -0.1635E-01
   24.0  0.2591E+02  0.1957E+00  0.1305E+00 -0.1428E-01  0.4739E-01 -0.3311E-01 -0.9938E-02  0.1130E+00 -0.2341E-01  0.5738E-02 -0.1780E-01
   25.0  0.2518E+02  0.2006E+00  0.1335E+00 -0.1777E-01  0.4908E-01 -0.3132E-01 -0.9055E-02  0.1157E+00 -0.2214E-01  0.5228E-02 -0.1930E-01
   26.0  0.2442E+02  0.2053E+00  0.1365E+00 -0.2132E-01  0.5081E-01 -0.2949E-01 -0.8046E-02  0.1182E+00 -0.2085E-01  0.4645E-02 -0.2082E-01
   27.0  0.2363E+02  0.2099E+00  0.1394E+00 -0.2495E-01  0.5257E-01 -0.2762E-01 -0.6910E-02  0.1207E+00 -0.1953E-01  0.3990E-02 -0.2238E-01
   28.0  0.2283E+02  0.2143E+00  0.1421E+00 -0.2863E-01  0.5434E-01 -0.2571E-01 -0.5645E-02  0.1231E+00 -0.1818E-01  0.3259E-02 -0.2395E-01
   29.0  0.2202E+02  0.2186E+00  0.1447E+00 -0.3236E-01  0.5611E-01 -0.2375E-01 -0.4247E-02  0.1253E+00 -0.1679E-01  0.2452E-02 -0.2554E-01
   30.0  0.2120E+02  0.2227E+00  0.1471E+00 -0.3614E-01  0.5787E-01 -0.2174E-01 -0.2714E-02  0.1274E+00 -0.1537E-01  0.1567E-02 -0.2714E-01
   31.0  0.2039E+02  0.2267E+00  0.1494E+00 -0.3995E-01  0.5963E-01 -0.1967E-01 -0.1041E-02  0.1293E+00 -0.1391E-01  0.6010E-03 -0.2875E-01
   32.0  0.1958E+02  0.2304E+00  0.1514E+00 -0.4381E-01  0.6136E-01 -0.1755E-01  0.7760E-03  0.1311E+00 -0.1241E-01 -0.4480E-03 -0.3036E-01
   33.0  0.1878E+02  0.2339E+00  0.1533E+00 -0.4770E-01  0.6307E-01 -0.1537E-01  0.2743E-02  0.1328E+00 -0.1087E-01 -0.1584E-02 -0.3198E-01
   34.0  0.1800E+02  0.2372E+00  0.1550E+00 -0.5164E-01  0.6477E-01 -0.1313E-01  0.4866E-02  0.1342E+00 -0.9284E-02 -0.2810E-02 -0.3360E-01
   35.0  0.1723E+02  0.2403E+00  0.1565E+00 -0.5561E-01  0.6643E-01 -0.1083E-01  0.7153E-02  0.1355E+00 -0.7656E-02 -0.4130E-02 -0.3523E-01
   36.0  0.1647E+02  0.2431E+00  0.1577E+00 -0.5962E-01  0.6808E-01 -0.8464E-02  0.9613E-02  0.1366E+00 -0.5985E-02 -0.5550E-02 -0.3687E-01
   37.0  0.1573E+02  0.2457E+00  0.1587E+00 -0.6368E-01  0.6972E-01 -0.6043E-02  0.1225E-01  0.1374E+00 -0.4273E-02 -0.7074E-02 -0.3851E-01
   38.0  0.1502E+02  0.2480E+00  0.1594E+00 -0.6778E-01  0.7135E-01 -0.3568E-02  0.1508E-01  0.1381E+00 -0.2523E-02 -0.8707E-02 -0.4016E-01
   39.0  0.1432E+02  0.2499E+00  0.1599E+00 -0.7193E-01  0.7297E-01 -0.1042E-02  0.1811E-01  0.1385E+00 -0.7369E-03 -0.1046E-01 -0.4183E-01
   40.0  0.1365E+02  0.2516E+00  0.1601E+00 -0.7613E-01  0.7460E-01  0.1527E-02  0.2134E-01  0.1387E+00  0.1080E-02 -0.1232E-01 -0.4351E-01
   41.0  0.1300E+02  0.2530E+00  0.1600E+00 -0.8037E-01  0.7624E-01  0.4132E-02  0.2480E-01  0.1386E+00  0.2922E-02 -0.1432E-01 -0.4521E-01
   42.0  0.1237E+02  0.2540E+00  0.1595E+00 -0.8466E-01  0.7790E-01  0.6766E-02  0.2847E-01  0.1382E+00  0.4784E-02 -0.1644E-01 -0.4693E-01
   43.0  0.1177E+02  0.2546E+00  0.1588E+00 -0.8900E-01  0.7958E-01  0.9419E-02  0.3237E-01  0.1375E+00  0.6661E-02 -0.1869E-01 -0.4866E-01
   44.0  0.1120E+02  0.2548E+00  0.1576E+00 -0.9337E-01  0.8129E-01  0.1208E-01  0.3652E-01  0.1365E+00  0.8544E-02 -0.2108E-01 -0.5042E-01
   45.0  0.1064E+02  0.2545E+00  0.1560E+00 -0.9778E-01  0.8304E-01  0.1475E-01  0.4090E-01  0.1351E+00  0.1043E-01 -0.2361E-01 -0.5220E-01
   46.0  0.1011E+02  0.2538E+00  0.1540E+00 -0.1022E+00  0.8482E-01  0.1740E-01  0.4553E-01  0.1334E+00  0.1230E-01 -0.2628E-01 -0.5399E-01
   47.0  0.9611E+01  0.2525E+00  0.1516E+00 -0.1067E+00  0.8663E-01  0.2004E-01  0.5040E-01  0.1313E+00  0.1417E-01 -0.2910E-01 -0.5580E-01
   48.0  0.9131E+01  0.2507E+00  0.1487E+00 -0.1111E+00  0.8849E-01  0.2264E-01  0.5552E-01  0.1288E+00  0.1601E-01 -0.3206E-01 -0.5763E-01
   49.0  0.8673E+01  0.2484E+00  0.1453E+00 -0.1156E+00  0.9039E-01  0.2521E-01  0.6090E-01  0.1258E+00  0.1783E-01 -0.3516E-01 -0.5946E-01
   50.0  0.8239E+01  0.2455E+00  0.1414E+00 -0.1201E+00  0.9232E-01  0.2773E-01  0.6652E-01  0.1225E+00  0.1961E-01 -0.3841E-01 -0.6131E-01
   51.0  0.7826E+01  0.2419E+00  0.1369E+00 -0.1245E+00  0.9430E-01  0.3019E-01  0.7239E-01  0.1186E+00  0.2135E-01 -0.4180E-01 -0.6316E-01
   52.0  0.7434E+01  0.2377E+00  0.1319E+00 -0.1289E+00  0.9633E-01  0.3258E-01  0.7852E-01  0.1143E+00  0.2304E-01 -0.4533E-01 -0.6502E-01
   53.0  0.7063E+01  0.2328E+00  0.1263E+00 -0.1333E+00  0.9840E-01  0.3489E-01  0.8490E-01  0.1094E+00  0.2467E-01 -0.4901E-01 -0.6688E-01
   54.0  0.6711E+01  0.2273E+00  0.1202E+00 -0.1376E+00  0.1005E+00  0.3711E-01  0.9152E-01  0.1041E+00  0.2624E-01 -0.5284E-01 -0.6875E-01
   55.0  0.6377E+01  0.2210E+00  0.1134E+00 -0.1419E+00  0.1027E+00  0.3922E-01  0.9840E-01  0.9824E-01  0.2773E-01 -0.5681E-01 -0.7062E-01
   56.0  0.6061E+01  0.2141E+00  0.1061E+00 -0.1462E+00  0.1050E+00  0.4120E-01  0.1055E+00  0.9187E-01  0.2913E-01 -0.6093E-01 -0.7250E-01
   57.0  0.5762E+01  0.2064E+00  0.9814E-01 -0.1504E+00  0.1073E+00  0.4303E-01  0.1129E+00  0.8499E-01  0.3043E-01 -0.6520E-01 -0.7439E-01
   58.0  0.5479E+01  0.1981E+00  0.8959E-01 -0.1545E+00  0.1098E+00  0.4470E-01  0.1206E+00  0.7759E-01  0.3161E-01 -0.6961E-01 -0.7629E-01
   59.0  0.5211E+01  0.1890E+00  0.8045E-01 -0.1586E+00  0.1124E+00  0.4617E-01  0.1285E+00  0.6967E-01  0.3265E-01 -0.7417E-01 -0.7822E-01
   60.0  0.4958E+01  0.1792E+00  0.7071E-01 -0.1626E+00  0.1151E+00  0.4743E-01  0.1366E+00  0.6124E-01  0.3354E-01 -0.7889E-01 -0.8016E-01
   61.0  0.4718E+01  0.1687E+00  0.6038E-01 -0.1665E+00  0.1181E+00  0.4844E-01  0.1451E+00  0.5229E-01  0.3425E-01 -0.8375E-01 -0.8214E-01
   62.0  0.4492E+01  0.1574E+00  0.4947E-01 -0.1703E+00  0.1212E+00  0.4917E-01  0.1537E+00  0.4284E-01  0.3477E-01 -0.8875E-01 -0.8415E-01
   63.0  0.4278E+01  0.1454E+00  0.3798E-01 -0.1741E+00  0.1245E+00  0.4959E-01  0.1626E+00  0.3289E-01  0.3506E-01 -0.9390E-01 -0.8620E-01
   64.0  0.4076E+01  0.1327E+00  0.2592E-01 -0.1778E+00  0.1281E+00  0.4966E-01  0.1718E+00  0.2244E-01  0.3511E-01 -0.9919E-01 -0.8830E-01
   65.0  0.3885E+01  0.1193E+00  0.1329E-01 -0.1813E+00  0.1320E+00  0.4935E-01  0.1812E+00  0.1151E-01  0.3489E-01 -0.1046E+00 -0.9045E-01
   66.0  0.3706E+01  0.1052E+00  0.1203E-03 -0.1848E+00  0.1362E+00  0.4862E-01  0.1908E+00  0.1042E-03  0.3438E-01 -0.1102E+00 -0.9265E-01
   67.0  0.3536E+01  0.9034E-01 -0.1359E-01 -0.1881E+00  0.1406E+00  0.4745E-01  0.2006E+00 -0.1177E-01  0.3355E-01 -0.1158E+00 -0.9490E-01
   68.0  0.3376E+01  0.7478E-01 -0.2782E-01 -0.1913E+00  0.1455E+00  0.4579E-01  0.2106E+00 -0.2409E-01  0.3238E-01 -0.1216E+00 -0.9720E-01
   69.0  0.3226E+01  0.5853E-01 -0.4255E-01 -0.1943E+00  0.1506E+00  0.4363E-01  0.2208E+00 -0.3685E-01  0.3085E-01 -0.1275E+00 -0.9956E-01
   70.0  0.3084E+01  0.4159E-01 -0.5776E-01 -0.1971E+00  0.1561E+00  0.4093E-01  0.2311E+00 -0.5002E-01  0.2894E-01 -0.1334E+00 -0.1020E+00
   71.0  0.2951E+01  0.2400E-01 -0.7341E-01 -0.1997E+00  0.1620E+00  0.3767E-01  0.2416E+00 -0.6358E-01  0.2664E-01 -0.1395E+00 -0.1044E+00
   72.0  0.2826E+01  0.5778E-02 -0.8948E-01 -0.2021E+00  0.1682E+00  0.3383E-01  0.2521E+00 -0.7749E-01  0.2392E-01 -0.1455E+00 -0.1069E+00
   73.0  0.2708E+01 -0.1304E-01 -0.1059E+00 -0.2042E+00  0.1748E+00  0.2938E-01  0.2627E+00 -0.9173E-01  0.2078E-01 -0.1517E+00 -0.1094E+00
   74.0  0.2597E+01 -0.3242E-01 -0.1227E+00 -0.2061E+00  0.1818E+00  0.2432E-01  0.2733E+00 -0.1063E+00  0.1719E-01 -0.1578E+00 -0.1120E+00
   75.0  0.2493E+01 -0.5231E-01 -0.1398E+00 -0.2077E+00  0.1891E+00  0.1861E-01  0.2840E+00 -0.1210E+00  0.1316E-01 -0.1639E+00 -0.1145E+00
   76.0  0.2395E+01 -0.7266E-01 -0.1570E+00 -0.2090E+00  0.1967E+00  0.1224E-01  0.2946E+00 -0.1360E+00  0.8655E-02 -0.1701E+00 -0.1171E+00
   77.0  0.2303E+01 -0.9341E-01 -0.1745E+00 -0.2099E+00  0.2047E+00  0.5199E-02  0.3051E+00 -0.1511E+00  0.3676E-02 -0.1762E+00 -0.1197E+00
   78.0  0.2216E+01 -0.1145E+00 -0.1920E+00 -0.2105E+00  0.2130E+00 -0.2535E-02  0.3156E+00 -0.1663E+00 -0.1792E-02 -0.1822E+00 -0.1222E+00
   79.0  0.2134E+01 -0.1359E+00 -0.2096E+00 -0.2106E+00  0.2216E+00 -0.1098E-01  0.3260E+00 -0.1815E+00 -0.7764E-02 -0.1882E+00 -0.1248E+00
   80.0  0.2058E+01 -0.1574E+00 -0.2272E+00 -0.2104E+00  0.2306E+00 -0.2015E-01  0.3362E+00 -0.1968E+00 -0.1425E-01 -0.1941E+00 -0.1273E+00
   81.0  0.1985E+01 -0.1791E+00 -0.2447E+00 -0.2097E+00  0.2398E+00 -0.3008E-01  0.3462E+00 -0.2119E+00 -0.2127E-01 -0.1999E+00 -0.1298E+00
   82.0  0.1917E+01 -0.2008E+00 -0.2620E+00 -0.2086E+00  0.2494E+00 -0.4077E-01  0.3560E+00 -0.2269E+00 -0.2883E-01 -0.2056E+00 -0.1322E+00
   83.0  0.1853E+01 -0.2226E+00 -0.2791E+00 -0.2070E+00  0.2592E+00 -0.5225E-01  0.3656E+00 -0.2417E+00 -0.3694E-01 -0.2111E+00 -0.1346E+00
   84.0  0.1793E+01 -0.2442E+00 -0.2958E+00 -0.2048E+00  0.2693E+00 -0.6453E-01  0.3749E+00 -0.2562E+00 -0.4563E-01 -0.2165E+00 -0.1369E+00
   85.0  0.1736E+01 -0.2657E+00 -0.3123E+00 -0.2021E+00  0.2797E+00 -0.7762E-01  0.3839E+00 -0.2704E+00 -0.5489E-01 -0.2217E+00 -0.1391E+00
   86.0  0.1683E+01 -0.2869E+00 -0.3283E+00 -0.1988E+00  0.2903E+00 -0.9154E-01  0.3926E+00 -0.2843E+00 -0.6473E-01 -0.2266E+00 -0.1412E+00
   87.0  0.1633E+01 -0.3078E+00 -0.3439E+00 -0.1949E+00  0.3012E+00 -0.1063E+00  0.4008E+00 -0.2978E+00 -0.7516E-01 -0.2314E+00 -0.1432E+00
   88.0  0.1585E+01 -0.3284E+00 -0.3589E+00 -0.1904E+00  0.3123E+00 -0.1219E+00  0.4086E+00 -0.3108E+00 -0.8617E-01 -0.2359E+00 -0.1451E+00
   89.0  0.1540E+01 -0.3486E+00 -0.3734E+00 -0.1853E+00  0.3235E+00 -0.1382E+00  0.4160E+00 -0.3234E+00 -0.9776E-01 -0.2402E+00 -0.1469E+00
   90.0  0.1498E+01 -0.3683E+00 -0.3873E+00 -0.1795E+00  0.3350E+00 -0.1554E+00  0.4228E+00 -0.3354E+00 -0.1099E+00 -0.2441E+00 -0.1485E+00
   91.0  0.1459E+01 -0.3874E+00 -0.4005E+00 -0.1731E+00  0.3465E+00 -0.1734E+00  0.4292E+00 -0.3469E+00 -0.1226E+00 -0.2478E+00 -0.1500E+00
   92.0  0.1421E+01 -0.4060E+00 -0.4131E+00 -0.1660E+00  0.3581E+00 -0.1921E+00  0.4349E+00 -0.3578E+00 -0.1358E+00 -0.2511E+00 -0.1513E+00
   93.0  0.1386E+01 -0.4240E+00 -0.4250E+00 -0.1583E+00  0.3698E+00 -0.2115E+00  0.4401E+00 -0.3680E+00 -0.1496E+00 -0.2541E+00 -0.1524E+00
   94.0  0.1352E+01 -0.4412E+00 -0.4361E+00 -0.1499E+00  0.3815E+00 -0.2316E+00  0.4447E+00 -0.3777E+00 -0.1638E+00 -0.2568E+00 -0.1534E+00
   95.0  0.1320E+01 -0.4578E+00 -0.4464E+00 -0.1409E+00  0.3931E+00 -0.2523E+00  0.4487E+00 -0.3866E+00 -0.1784E+00 -0.2590E+00 -0.1542E+00
   96.0  0.1290E+01 -0.4736E+00 -0.4560E+00 -0.1312E+00  0.4048E+00 -0.2735E+00  0.4520E+00 -0.3949E+00 -0.1934E+00 -0.2610E+00 -0.1547E+00
   97.0  0.1262E+01 -0.4885E+00 -0.4648E+00 -0.1210E+00  0.4163E+00 -0.2953E+00  0.4546E+00 -0.4025E+00 -0.2088E+00 -0.2625E+00 -0.1551E+00
   98.0  0.1235E+01 -0.5027E+00 -0.4727E+00 -0.1101E+00  0.4277E+00 -0.3175E+00  0.4566E+00 -0.4094E+00 -0.2245E+00 -0.2636E+00 -0.1553E+00
   99.0  0.1209E+01 -0.5159E+00 -0.4798E+00 -0.9876E-01  0.4389E+00 -0.3402E+00  0.4579E+00 -0.4155E+00 -0.2405E+00 -0.2644E+00 -0.1552E+00
  100.0  0.1184E+01 -0.5283E+00 -0.4860E+00 -0.8685E-01  0.4500E+00 -0.3632E+00  0.4584E+00 -0.4209E+00 -0.2568E+00 -0.2647E+00 -0.1550E+00
  101.0  0.1160E+01 -0.5397E+00 -0.4913E+00 -0.7444E-01  0.4609E+00 -0.3865E+00  0.4583E+00 -0.4255E+00 -0.2733E+00 -0.2646E+00 -0.1545E+00
  102.0  0.1137E+01 -0.5501E+00 -0.4958E+00 -0.6158E-01  0.4716E+00 -0.4100E+00  0.4574E+00 -0.4293E+00 -0.2899E+00 -0.2641E+00 -0.1539E+00
  103.0  0.1115E+01 -0.5594E+00 -0.4993E+00 -0.4831E-01  0.4821E+00 -0.4338E+00  0.4557E+00 -0.4324E+00 -0.3067E+00 -0.2631E+00 -0.1531E+00
  104.0  0.1094E+01 -0.5678E+00 -0.5019E+00 -0.3467E-01  0.4924E+00 -0.4577E+00  0.4532E+00 -0.4346E+00 -0.3236E+00 -0.2616E+00 -0.1521E+00
  105.0  0.1073E+01 -0.5750E+00 -0.5035E+00 -0.2071E-01  0.5024E+00 -0.4817E+00  0.4498E+00 -0.4361E+00 -0.3406E+00 -0.2597E+00 -0.1510E+00
  106.0  0.1053E+01 -0.5811E+00 -0.5042E+00 -0.6496E-02  0.5122E+00 -0.5057E+00  0.4457E+00 -0.4367E+00 -0.3576E+00 -0.2573E+00 -0.1497E+00
  107.0  0.1033E+01 -0.5861E+00 -0.5039E+00  0.7914E-02  0.5217E+00 -0.5296E+00  0.4406E+00 -0.4364E+00 -0.3745E+00 -0.2544E+00 -0.1483E+00
  108.0  0.1015E+01 -0.5900E+00 -0.5027E+00  0.2244E-01  0.5310E+00 -0.5534E+00  0.4346E+00 -0.4353E+00 -0.3913E+00 -0.2509E+00 -0.1468E+00
  109.0  0.9960E+00 -0.5926E+00 -0.5005E+00  0.3700E-01  0.5400E+00 -0.5770E+00  0.4276E+00 -0.4334E+00 -0.4080E+00 -0.2469E+00 -0.1452E+00
  110.0  0.9780E+00 -0.5939E+00 -0.4972E+00  0.5148E-01  0.5488E+00 -0.6003E+00  0.4196E+00 -0.4306E+00 -0.4245E+00 -0.2423E+00 -0.1436E+00
  111.0  0.9603E+00 -0.5941E+00 -0.4930E+00  0.6578E-01  0.5573E+00 -0.6231E+00  0.4107E+00 -0.4270E+00 -0.4406E+00 -0.2371E+00 -0.1419E+00
  112.0  0.9429E+00 -0.5929E+00 -0.4877E+00  0.7977E-01  0.5656E+00 -0.6453E+00  0.4006E+00 -0.4224E+00 -0.4563E+00 -0.2313E+00 -0.1402E+00
  113.0  0.9260E+00 -0.5904E+00 -0.4814E+00  0.9328E-01  0.5735E+00 -0.6668E+00  0.3895E+00 -0.4169E+00 -0.4715E+00 -0.2249E+00 -0.1386E+00
  114.0  0.9093E+00 -0.5865E+00 -0.4740E+00  0.1062E+00  0.5812E+00 -0.6874E+00  0.3773E+00 -0.4105E+00 -0.4861E+00 -0.2179E+00 -0.1371E+00
  115.0  0.8929E+00 -0.5812E+00 -0.4654E+00  0.1182E+00  0.5886E+00 -0.7068E+00  0.3641E+00 -0.4031E+00 -0.4998E+00 -0.2102E+00 -0.1358E+00
  116.0  0.8768E+00 -0.5744E+00 -0.4557E+00  0.1292E+00  0.5957E+00 -0.7249E+00  0.3497E+00 -0.3947E+00 -0.5126E+00 -0.2019E+00 -0.1347E+00
  117.0  0.8610E+00 -0.5661E+00 -0.4448E+00  0.1389E+00  0.6025E+00 -0.7414E+00  0.3342E+00 -0.3852E+00 -0.5243E+00 -0.1929E+00 -0.1338E+00
  118.0  0.8455E+00 -0.5562E+00 -0.4326E+00  0.1471E+00  0.6090E+00 -0.7561E+00  0.3176E+00 -0.3746E+00 -0.5346E+00 -0.1834E+00 -0.1333E+00
  119.0  0.8303E+00 -0.5446E+00 -0.4190E+00  0.1534E+00  0.6151E+00 -0.7685E+00  0.3000E+00 -0.3629E+00 -0.5434E+00 -0.1732E+00 -0.1333E+00
  120.0  0.8155E+00 -0.5312E+00 -0.4040E+00  0.1576E+00  0.6208E+00 -0.7784E+00  0.2814E+00 -0.3499E+00 -0.5504E+00 -0.1625E+00 -0.1337E+00
  121.0  0.8010E+00 -0.5160E+00 -0.3876E+00  0.1592E+00  0.6262E+00 -0.7854E+00  0.2618E+00 -0.3356E+00 -0.5554E+00 -0.1512E+00 -0.1348E+00
  122.0  0.7870E+00 -0.4989E+00 -0.3695E+00  0.1580E+00  0.6311E+00 -0.7891E+00  0.2414E+00 -0.3200E+00 -0.5580E+00 -0.1394E+00 -0.1366E+00
  123.0  0.7735E+00 -0.4797E+00 -0.3497E+00  0.1535E+00  0.6356E+00 -0.7891E+00  0.2202E+00 -0.3028E+00 -0.5580E+00 -0.1272E+00 -0.1392E+00
  124.0  0.7606E+00 -0.4583E+00 -0.3281E+00  0.1453E+00  0.6395E+00 -0.7848E+00  0.1985E+00 -0.2842E+00 -0.5549E+00 -0.1146E+00 -0.1427E+00
  125.0  0.7484E+00 -0.4348E+00 -0.3048E+00  0.1330E+00  0.6428E+00 -0.7758E+00  0.1763E+00 -0.2639E+00 -0.5486E+00 -0.1018E+00 -0.1471E+00
  126.0  0.7372E+00 -0.4089E+00 -0.2795E+00  0.1163E+00  0.6453E+00 -0.7616E+00  0.1539E+00 -0.2420E+00 -0.5385E+00 -0.8886E-01 -0.1527E+00
  127.0  0.7269E+00 -0.3807E+00 -0.2523E+00  0.9461E-01  0.6470E+00 -0.7416E+00  0.1317E+00 -0.2185E+00 -0.5244E+00 -0.7601E-01 -0.1595E+00
  128.0  0.7179E+00 -0.3502E+00 -0.2232E+00  0.6777E-01  0.6476E+00 -0.7154E+00  0.1098E+00 -0.1933E+00 -0.5059E+00 -0.6342E-01 -0.1674E+00
  129.0  0.7103E+00 -0.3173E+00 -0.1922E+00  0.3553E-01  0.6471E+00 -0.6826E+00  0.8891E-01 -0.1664E+00 -0.4827E+00 -0.5133E-01 -0.1766E+00
  130.0  0.7044E+00 -0.2823E+00 -0.1594E+00 -0.2250E-02  0.6452E+00 -0.6429E+00  0.6933E-01 -0.1380E+00 -0.4546E+00 -0.4003E-01 -0.1869E+00
  131.0  0.7005E+00 -0.2452E+00 -0.1251E+00 -0.4550E-01  0.6417E+00 -0.5962E+00  0.5163E-01 -0.1083E+00 -0.4216E+00 -0.2981E-01 -0.1984E+00
  132.0  0.6988E+00 -0.2065E+00 -0.8946E-01 -0.9399E-01  0.6363E+00 -0.5423E+00  0.3640E-01 -0.7747E-01 -0.3835E+00 -0.2102E-01 -0.2108E+00
  133.0  0.6998E+00 -0.1664E+00 -0.5291E-01 -0.1472E+00  0.6290E+00 -0.4817E+00  0.2423E-01 -0.4582E-01 -0.3406E+00 -0.1399E-01 -0.2241E+00
  134.0  0.7037E+00 -0.1254E+00 -0.1590E-01 -0.2044E+00  0.6194E+00 -0.4150E+00  0.1571E-01 -0.1377E-01 -0.2934E+00 -0.9068E-02 -0.2378E+00
  135.0  0.7111E+00 -0.8416E-01  0.2103E-01 -0.2646E+00  0.6075E+00 -0.3429E+00  0.1136E-01  0.1822E-01 -0.2424E+00 -0.6556E-02 -0.2517E+00
  136.0  0.7222E+00 -0.4333E-01  0.5727E-01 -0.3265E+00  0.5931E+00 -0.2667E+00  0.1161E-01  0.4960E-01 -0.1886E+00 -0.6702E-02 -0.2655E+00
  137.0  0.7377E+00 -0.3627E-02  0.9215E-01 -0.3885E+00  0.5764E+00 -0.1879E+00  0.1674E-01  0.7981E-01 -0.1328E+00 -0.9663E-02 -0.2785E+00
  138.0  0.7580E+00  0.3421E-01  0.1250E+00 -0.4491E+00  0.5574E+00 -0.1082E+00  0.2683E-01  0.1083E+00 -0.7653E-01 -0.1549E-01 -0.2905E+00
  139.0  0.7836E+00  0.6948E-01  0.1552E+00 -0.5066E+00  0.5363E+00 -0.2966E-01  0.4177E-01  0.1344E+00 -0.2097E-01 -0.2411E-01 -0.3010E+00
  140.0  0.8151E+00  0.1015E+00  0.1822E+00 -0.5593E+00  0.5134E+00  0.4594E-01  0.6118E-01  0.1578E+00  0.3249E-01 -0.3532E-01 -0.3097E+00
  141.0  0.8532E+00  0.1299E+00  0.2056E+00 -0.6058E+00  0.4891E+00  0.1167E+00  0.8451E-01  0.1780E+00  0.8254E-01 -0.4879E-01 -0.3161E+00
  142.0  0.8985E+00  0.1541E+00  0.2250E+00 -0.6449E+00  0.4638E+00  0.1811E+00  0.1110E+00  0.1949E+00  0.1280E+00 -0.6410E-01 -0.3201E+00
  143.0  0.9516E+00  0.1741E+00  0.2404E+00 -0.6757E+00  0.4380E+00  0.2377E+00  0.1398E+00  0.2082E+00  0.1681E+00 -0.8073E-01 -0.3215E+00
  144.0  0.1013E+01  0.1898E+00  0.2517E+00 -0.6978E+00  0.4121E+00  0.2857E+00  0.1700E+00  0.2179E+00  0.2020E+00 -0.9815E-01 -0.3204E+00
  145.0  0.1084E+01  0.2013E+00  0.2591E+00 -0.7111E+00  0.3866E+00  0.3245E+00  0.2006E+00  0.2244E+00  0.2295E+00 -0.1158E+00 -0.3169E+00
  146.0  0.1165E+01  0.2089E+00  0.2629E+00 -0.7158E+00  0.3618E+00  0.3541E+00  0.2308E+00  0.2277E+00  0.2504E+00 -0.1333E+00 -0.3111E+00
  147.0  0.1256E+01  0.2130E+00  0.2635E+00 -0.7124E+00  0.3379E+00  0.3745E+00  0.2598E+00  0.2282E+00  0.2648E+00 -0.1500E+00 -0.3032E+00
  148.0  0.1358E+01  0.2139E+00  0.2612E+00 -0.7017E+00  0.3153E+00  0.3864E+00  0.2869E+00  0.2262E+00  0.2732E+00 -0.1657E+00 -0.2936E+00
  149.0  0.1473E+01  0.2122E+00  0.2565E+00 -0.6844E+00  0.2940E+00  0.3905E+00  0.3117E+00  0.2222E+00  0.2761E+00 -0.1800E+00 -0.2824E+00
  150.0  0.1600E+01  0.2083E+00  0.2499E+00 -0.6616E+00  0.2741E+00  0.3875E+00  0.3337E+00  0.2165E+00  0.2740E+00 -0.1927E+00 -0.2701E+00
  151.0  0.1740E+01  0.2026E+00  0.2418E+00 -0.6341E+00  0.2556E+00  0.3785E+00  0.3527E+00  0.2094E+00  0.2676E+00 -0.2037E+00 -0.2568E+00
  152.0  0.1893E+01  0.1956E+00  0.2324E+00 -0.6029E+00  0.2386E+00  0.3642E+00  0.3687E+00  0.2013E+00  0.2576E+00 -0.2128E+00 -0.2429E+00
  153.0  0.2060E+01  0.1875E+00  0.2223E+00 -0.5688E+00  0.2230E+00  0.3458E+00  0.3814E+00  0.1925E+00  0.2445E+00 -0.2202E+00 -0.2286E+00
  154.0  0.2241E+01  0.1787E+00  0.2115E+00 -0.5326E+00  0.2088E+00  0.3239E+00  0.3910E+00  0.1832E+00  0.2290E+00 -0.2258E+00 -0.2140E+00
  155.0  0.2437E+01  0.1694E+00  0.2004E+00 -0.4950E+00  0.1957E+00  0.2993E+00  0.3976E+00  0.1736E+00  0.2116E+00 -0.2296E+00 -0.1994E+00
  156.0  0.2646E+01  0.1599E+00  0.1892E+00 -0.4566E+00  0.1838E+00  0.2728E+00  0.4013E+00  0.1639E+00  0.1929E+00 -0.2317E+00 -0.1849E+00
  157.0  0.2869E+01  0.1503E+00  0.1780E+00 -0.4179E+00  0.1729E+00  0.2449E+00  0.4022E+00  0.1542E+00  0.1732E+00 -0.2322E+00 -0.1706E+00
  158.0  0.3105E+01  0.1408E+00  0.1669E+00 -0.3793E+00  0.1631E+00  0.2163E+00  0.4006E+00  0.1446E+00  0.1529E+00 -0.2313E+00 -0.1566E+00
  159.0  0.3354E+01  0.1314E+00  0.1561E+00 -0.3413E+00  0.1541E+00  0.1872E+00  0.3965E+00  0.1352E+00  0.1324E+00 -0.2289E+00 -0.1430E+00
  160.0  0.3615E+01  0.1223E+00  0.1456E+00 -0.3041E+00  0.1459E+00  0.1582E+00  0.3901E+00  0.1261E+00  0.1118E+00 -0.2252E+00 -0.1299E+00
  161.0  0.3886E+01  0.1134E+00  0.1353E+00 -0.2679E+00  0.1385E+00  0.1295E+00  0.3817E+00  0.1172E+00  0.9154E-01 -0.2204E+00 -0.1173E+00
  162.0  0.4167E+01  0.1049E+00  0.1255E+00 -0.2331E+00  0.1317E+00  0.1013E+00  0.3714E+00  0.1087E+00  0.7165E-01 -0.2144E+00 -0.1053E+00
  163.0  0.4455E+01  0.9668E-01  0.1160E+00 -0.1996E+00  0.1256E+00  0.7402E-01  0.3594E+00  0.1005E+00  0.5234E-01 -0.2075E+00 -0.9389E-01
  164.0  0.4748E+01  0.8885E-01  0.1069E+00 -0.1678E+00  0.1201E+00  0.4770E-01  0.3457E+00  0.9262E-01  0.3373E-01 -0.1996E+00 -0.8309E-01
  165.0  0.5044E+01  0.8138E-01  0.9824E-01 -0.1376E+00  0.1151E+00  0.2253E-01  0.3305E+00  0.8508E-01  0.1593E-01 -0.1908E+00 -0.7294E-01
  166.0  0.5342E+01  0.7425E-01  0.8991E-01 -0.1092E+00  0.1106E+00 -0.1361E-02  0.3141E+00  0.7786E-01 -0.9623E-03 -0.1813E+00 -0.6345E-01
  167.0  0.5637E+01  0.6746E-01  0.8193E-01 -0.8265E-01  0.1065E+00 -0.2388E-01  0.2964E+00  0.7095E-01 -0.1689E-01 -0.1711E+00 -0.5461E-01
  168.0  0.5928E+01  0.6099E-01  0.7429E-01 -0.5798E-01  0.1029E+00 -0.4496E-01  0.2775E+00  0.6434E-01 -0.3179E-01 -0.1602E+00 -0.4645E-01
  169.0  0.6211E+01  0.5482E-01  0.6696E-01 -0.3522E-01  0.9973E-01 -0.6451E-01  0.2577E+00  0.5799E-01 -0.4561E-01 -0.1488E+00 -0.3896E-01
  170.0  0.6483E+01  0.4893E-01  0.5993E-01 -0.1441E-01  0.9690E-01 -0.8248E-01  0.2370E+00  0.5190E-01 -0.5833E-01 -0.1368E+00 -0.3213E-01
  171.0  0.6742E+01  0.4330E-01  0.5317E-01  0.4429E-02  0.9442E-01 -0.9884E-01  0.2155E+00  0.4605E-01 -0.6989E-01 -0.1244E+00 -0.2598E-01
  172.0  0.6983E+01  0.3790E-01  0.4665E-01  0.2129E-01  0.9226E-01 -0.1136E+00  0.1933E+00  0.4040E-01 -0.8029E-01 -0.1116E+00 -0.2049E-01
  173.0  0.7204E+01  0.3270E-01  0.4034E-01  0.3617E-01  0.9041E-01 -0.1266E+00  0.1705E+00  0.3494E-01 -0.8951E-01 -0.9842E-01 -0.1566E-01
  174.0  0.7403E+01  0.2769E-01  0.3423E-01  0.4906E-01  0.8885E-01 -0.1379E+00  0.1471E+00  0.2964E-01 -0.9752E-01 -0.8492E-01 -0.1149E-01
  175.0  0.7576E+01  0.2284E-01  0.2827E-01  0.5997E-01  0.8756E-01 -0.1475E+00  0.1233E+00  0.2448E-01 -0.1043E+00 -0.7116E-01 -0.7965E-02
  176.0  0.7721E+01  0.1811E-01  0.2246E-01  0.6888E-01  0.8652E-01 -0.1554E+00  0.9905E-01  0.1945E-01 -0.1099E+00 -0.5719E-01 -0.5091E-02
  177.0  0.7836E+01  0.1349E-01  0.1675E-01  0.7582E-01  0.8573E-01 -0.1615E+00  0.7455E-01  0.1450E-01 -0.1142E+00 -0.4304E-01 -0.2861E-02
  178.0  0.7919E+01  0.8953E-02  0.1112E-01  0.8076E-01  0.8517E-01 -0.1659E+00  0.4982E-01  0.9629E-02 -0.1173E+00 -0.2876E-01 -0.1271E-02
  179.0  0.7969E+01  0.4463E-02  0.5546E-02  0.8373E-01  0.8483E-01 -0.1686E+00  0.2495E-01  0.4803E-02 -0.1192E+00 -0.1440E-01 -0.3175E-03
  180.0  0.7986E+01  0.0000E+00  0.0000E+00  0.8472E-01  0.8472E-01 -0.1694E+00  0.0000E+00  0.0000E+00 -0.1198E+00 -0.0000E+00  0.0000E+00
!#  65.0  0.64850E+02  0.88821E+02  0.15367E+03
!# th_cm         dcs       Ay(N)       Ay(d)         Axx         Ayy         Azz         Axz        iT11         T20         T21         T22

