 symmetry/sym_130/run4107.dat
 spin-mode-1
 BeamInt0=  2170653
 Event=  18030739
 Trigger0=  15694146
 side---P1----P2----P3----P4----P5----Deu----P120----D120
 1  904188  789653  659455  504914  192583  2787609  169061  344006
 2  953572  858785  652433  322819  204684  2858210  139322  361644
 3  654294  572854  492990  380874  170788  2012528  137659  295979
 4  662594  528004  503393  318537  166655  2101012  129324  308447
   
 spin-mode-2
 BeamInt1= 2168588
 Event= 17259644
 Trigger= 15111099
 side---P1----P2----P3----P4----P5----Deu----P120----D120
 1  927217  816473  682950  515300  188675  2122017  159233  229512
 2  781243  654065  467419  219290  134208  2941940  95304  347908
 3  715239  623242  532371  402940  172322  2064150  135514  283273
 4  690105  545146  511750  317149  160251  2273792  123022  307836
   
 spin-mode-3
 BeamInt2= 0
 Event= 0
 Trigger= 0
 side---P1----P2----P3----P4----P5----Deu----P120----D120
 1  0  0  0  0  0  0  0  0
 2  0  0  0  0  0  0  0  0
 3  0  0  0  0  0  0  0  0
 4  0  0  0  0  0  0  0  0
   
 spin-mode-4
 BeamInt3= 2165282
 Event= 18808919
 Trigger= 16267545
 side---P1----P2----P3----P4----P5----Deu----P120----D120
 1  1079085  982658  854162  668114  258178  2701993  221792  351808
 2  930081  827022  629383  315507  205515  3584019  146293  479970
 3  574104  504322  436441  345821  163306  1961490  136330  309425
 4  633081  511123  497093  320193  173994  1860688  135431  299636
