 symmetry/sym_130/run4302.dat
 spin-mode-1
 BeamInt0=  615600
 Event=  2386828
 Trigger0=  2159840
 side---P1----P2----P3----P4----P5----Deu----P120----D120
 1  77829  152912  124719  27228  17398  405540  7306  31002
 2  93192  169394  127218  15736  24899  382688  6103  24704
 3  1972  81597  129235  35761  19183  289209  7656  28946
 4  5532  125469  130103  28105  22827  248565  6119  26839
   
 spin-mode-2
 BeamInt1= 608400
 Event= 2333623
 Trigger= 2113203
 side---P1----P2----P3----P4----P5----Deu----P120----D120
 1  73357  148320  124084  28088  17863  358650  6718  19921
 2  88914  152582  105098  12056  16192  373849  3729  24581
 3  2214  88053  141483  39073  19939  302861  7312  28127
 4  5808  131256  136685  29112  22572  270823  5555  27251
   
 spin-mode-3
 BeamInt2= 0
 Event= 0
 Trigger= 0
 side---P1----P2----P3----P4----P5----Deu----P120----D120
 1  0  0  0  0  0  0  0  0
 2  0  0  0  0  0  0  0  0
 3  0  0  0  0  0  0  0  0
 4  0  0  0  0  0  0  0  0
   
 spin-mode-4
 BeamInt3= 618700
 Event= 2417707
 Trigger= 2184576
 side---P1----P2----P3----P4----P5----Deu----P120----D120
 1  81292  168503  146309  34095  23563  416203  9822  31126
 2  98624  174946  127267  15366  24586  430199  6540  33385
 3  1683  72633  114207  31586  18094  273226  7674  29414
 4  5334  118401  122484  27007  22996  220109  6418  25768
