 symmetry/sym_130/run4116.dat
 spin-mode-1
 BeamInt0=  1262833
 Event=  9944804
 Trigger0=  6665913
 side---P1----P2----P3----P4----P5----Deu----P120----D120
 1  447027  390934  323363  258529  84196  1323993  77650  150272
 2  472532  422304  304620  124537  91887  1419853  58385  161846
 3  246682  212973  186297  140678  66633  755876  53268  113744
 4  252670  192945  194819  115442  63624  786630  50120  119901
   
 spin-mode-2
 BeamInt1= 1226028
 Event= 9100848
 Trigger= 6275880
 side---P1----P2----P3----P4----P5----Deu----P120----D120
 1  454975  401476  332061  262091  81907  984472  71207  94857
 2  379705  313195  210660  80912  57218  1450603  37639  153114
 3  269698  229426  198669  146500  65894  776890  51539  108241
 4  263676  199633  198006  115575  61253  844293  46988  117433
   
 spin-mode-3
 BeamInt2= 0
 Event= 0
 Trigger= 0
 side---P1----P2----P3----P4----P5----Deu----P120----D120
 1  0  0  0  0  0  0  0  0
 2  0  0  0  0  0  0  0  0
 3  0  0  0  0  0  0  0  0
 4  0  0  0  0  0  0  0  0
   
 spin-mode-4
 BeamInt3= 1259495
 Event= 10537072
 Trigger= 6908827
 side---P1----P2----P3----P4----P5----Deu----P120----D120
 1  533691  488640  421337  344548  113194  1261012  101070  150578
 2  452998  400789  288186  119039  90300  1788216  60278  214264
 3  211472  182290  161733  124813  62067  723006  52213  117110
 4  236672  183170  188824  114340  65567  680308  51543  114280
