 symmetry/sym_130/run4114.dat
 spin-mode-1
 BeamInt0=  222635
 Event=  1874366
 Trigger0=  1651242
 side---P1----P2----P3----P4----P5----Deu----P120----D120
 1  99539  86474  72044  56418  19983  302761  18118  35991
 2  105716  94778  70602  31665  21585  314475  14406  38101
 3  64070  56357  48572  36901  17000  197824  13727  29050
 4  65639  51641  49991  30553  16500  205900  12550  30727
   
 spin-mode-2
 BeamInt1= 218369
 Event= 1728309
 Trigger= 1534311
 side---P1----P2----P3----P4----P5----Deu----P120----D120
 1  99744  88435  72988  56564  19137  221299  16515  22624
 2  83006  69244  48449  20600  13444  317731  9180  35652
 3  68726  59275  50931  38521  16570  196300  13270  26950
 4  66605  51205  49228  29262  15268  217453  11682  29840
   
 spin-mode-3
 BeamInt2= 0
 Event= 0
 Trigger= 0
 side---P1----P2----P3----P4----P5----Deu----P120----D120
 1  0  0  0  0  0  0  0  0
 2  0  0  0  0  0  0  0  0
 3  0  0  0  0  0  0  0  0
 4  0  0  0  0  0  0  0  0
   
 spin-mode-4
 BeamInt3= 221498
 Event= 1963057
 Trigger= 1718968
 side---P1----P2----P3----P4----P5----Deu----P120----D120
 1  119685  110169  94367  75256  27211  293155  23786  36733
 2  102907  91459  67593  31196  21886  399477  14847  50997
 3  55713  48516  42369  33552  16038  191297  13443  30934
 4  62048  49068  49363  30818  17380  180150  13554  29481
