 symmetry/sym_130/run4104.dat
 spin-mode-1
 BeamInt0=  685665
 Event=  5394425
 Trigger0=  4839892
 side---P1----P2----P3----P4----P5----Deu----P120----D120
 1  289397  251784  214625  160681  60941  877045  53696  108356
 2  298945  270794  205294  102012  64104  916487  44252  114637
 3  205525  179354  154335  117906  53570  633403  42718  93378
 4  208314  166079  157791  101219  52193  657120  41185  96288
   
 spin-mode-2
 BeamInt1= 678041
 Event= 5149665
 Trigger= 4643034
 side---P1----P2----P3----P4----P5----Deu----P120----D120
 1  292322  258364  219907  163168  59320  683931  50331  75226
 2  249633  210646  152146  71506  43905  933761  31321  109651
 3  221795  192714  163982  123811  53407  647269  41775  88781
 4  215373  170782  160213  100901  50375  702302  38406  95182
   
 spin-mode-3
 BeamInt2= 0
 Event= 0
 Trigger= 0
 side---P1----P2----P3----P4----P5----Deu----P120----D120
 1  0  0  0  0  0  0  0  0
 2  0  0  0  0  0  0  0  0
 3  0  0  0  0  0  0  0  0
 4  0  0  0  0  0  0  0  0
   
 spin-mode-4
 BeamInt3= 683487
 Event= 5596145
 Trigger= 4999020
 side---P1----P2----P3----P4----P5----Deu----P120----D120
 1  337803  307196  271013  206448  79063  853364  67942  109871
 2  292924  261711  199049  99680  64071  1122460  45800  147005
 3  183145  159942  138901  108249  51791  618406  42518  97200
 4  198554  161601  156390  101861  54238  590237  42962  94309
