 symmetry/sym_130/run4109.dat
 spin-mode-1
 BeamInt0=  750920
 Event=  7426479
 Trigger0=  2776055
 side---P1----P2----P3----P4----P5----Deu----P120----D120
 1  131940  114993  98044  70925  30608  421572  26086  54807
 2  139932  126280  99479  55881  31900  415902  22907  56694
 3  116626  102964  87123  68429  29335  358686  24145  51473
 4  116649  96284  88126  57627  29158  375142  22315  53480
   
 spin-mode-2
 BeamInt1= 748047
 Event= 7065159
 Trigger= 2678177
 side---P1----P2----P3----P4----P5----Deu----P120----D120
 1  135510  118798  101289  73039  29808  318199  24669  36291
 2  114391  95802  70755  37251  20712  428636  15579  54477
 3  125537  111813  93688  71919  29519  365983  23608  49122
 4  121672  98251  89081  56979  27755  402957  21367  53127
   
 spin-mode-3
 BeamInt2= 0
 Event= 0
 Trigger= 0
 side---P1----P2----P3----P4----P5----Deu----P120----D120
 1  0  0  0  0  0  0  0  0
 2  0  0  0  0  0  0  0  0
 3  0  0  0  0  0  0  0  0
 4  0  0  0  0  0  0  0  0
   
 spin-mode-4
 BeamInt3= 747633
 Event= 7671291
 Trigger= 2839950
 side---P1----P2----P3----P4----P5----Deu----P120----D120
 1  156230  143104  126166  93716  41283  408311  34008  55839
 2  136631  122010  95328  54342  32048  519216  23791  75291
 3  100957  89545  77068  61433  27880  346373  23943  54031
 4  111022  91649  86132  57570  30559  329003  23472  51823
