 symmetry/sym_130/run4101.dat
 spin-mode-1
 BeamInt0=  74128
 Event=  1044979
 Trigger0=  958168
 side---P1----P2----P3----P4----P5----Deu----P120----D120
 1  50062  43211  37052  26721  10734  148816  9322  18864
 2  49999  45180  35579  18058  11119  157046  7745  20056
 3  48387  41533  35601  24515  11290  148322  8594  18918
 4  48243  39206  36512  24361  10520  150036  8398  19884
   
 spin-mode-2
 BeamInt1= 74317
 Event= 995113
 Trigger= 916351
 side---P1----P2----P3----P4----P5----Deu----P120----D120
 1  50143  44233  37769  27126  10341  110241  8752  12314
 2  39719  33839  24697  11986  7075  159271  5239  19093
 3  52376  45800  38268  25853  11304  149477  8350  17738
 4  49201  39994  36641  23641  9726  162297  8012  19654
   
 spin-mode-3
 BeamInt2= 0
 Event= 0
 Trigger= 0
 side---P1----P2----P3----P4----P5----Deu----P120----D120
 1  0  0  0  0  0  0  0  0
 2  0  0  0  0  0  0  0  0
 3  0  0  0  0  0  0  0  0
 4  0  0  0  0  0  0  0  0
   
 spin-mode-4
 BeamInt3= 72592
 Event= 1062599
 Trigger= 970967
 side---P1----P2----P3----P4----P5----Deu----P120----D120
 1  58809  53331  47617  35294  14416  141887  12096  19341
 2  48392  42570  33454  17471  11251  195051  8090  26512
 3  41660  36306  31191  21963  10938  141877  8358  19641
 4  45508  36860  35374  24135  10804  131120  8837  19296
