 symmetry/sym_130/run4123.dat
 spin-mode-1
 BeamInt0=  4593
 Event=  33690
 Trigger0=  33386
 side---P1----P2----P3----P4----P5----Deu----P120----D120
 1  1985  1747  1493  1082  479  6615  419  876
 2  2211  1952  1504  948  511  6307  365  898
 3  1852  1747  1464  1186  441  5877  394  877
 4  1896  1591  1468  922  524  6249  353  835
   
 spin-mode-2
 BeamInt1= 4080
 Event= 29115
 Trigger= 28880
 side---P1----P2----P3----P4----P5----Deu----P120----D120
 1  1847  1702  1391  937  452  4316  349  458
 2  1634  1246  907  529  265  5877  193  801
 3  1976  1669  1480  1168  448  5485  340  713
 4  1861  1509  1265  850  429  6293  284  788
   
 spin-mode-3
 BeamInt2= 0
 Event= 0
 Trigger= 0
 side---P1----P2----P3----P4----P5----Deu----P120----D120
 1  0  0  0  0  0  0  0  0
 2  0  0  0  0  0  0  0  0
 3  0  0  0  0  0  0  0  0
 4  0  0  0  0  0  0  0  0
   
 spin-mode-4
 BeamInt3= 4658
 Event= 35813
 Trigger= 35463
 side---P1----P2----P3----P4----P5----Deu----P120----D120
 1  2526  2318  1973  1471  677  6450  549  851
 2  2123  1877  1571  879  502  8288  349  1226
 3  1734  1566  1303  1040  470  6065  377  921
 4  1946  1621  1496  1002  526  5643  395  847
