 symmetry/sym_130/run4301.dat
 spin-mode-1
 BeamInt0=  21400
 Event=  834982
 Trigger0=  159352
 side---P1----P2----P3----P4----P5----Deu----P120----D120
 1  5593  11343  9169  2154  1340  29754  524  2275
 2  6684  12611  9307  1152  1836  28259  439  1864
 3  132  6029  9764  2587  1441  21405  563  2137
 4  388  9145  9747  2125  1670  18512  467  2004
   
 spin-mode-2
 BeamInt1= 21360
 Event= 822488
 Trigger= 152913
 side---P1----P2----P3----P4----P5----Deu----P120----D120
 1  5274  10774  9048  2031  1365  25813  517  1417
 2  6294  11176  7484  859  1153  27127  264  1882
 3  148  6423  10429  2787  1466  22036  544  2031
 4  400  9496  9974  2166  1616  19787  415  2010
   
 spin-mode-3
 BeamInt2= 0
 Event= 0
 Trigger= 0
 side---P1----P2----P3----P4----P5----Deu----P120----D120
 1  0  0  0  0  0  0  0  0
 2  0  0  0  0  0  0  0  0
 3  0  0  0  0  0  0  0  0
 4  0  0  0  0  0  0  0  0
   
 spin-mode-4
 BeamInt3= 21520
 Event= 845850
 Trigger= 156814
 side---P1----P2----P3----P4----P5----Deu----P120----D120
 1  5875  12109  10353  2472  1816  29627  745  2165
 2  6937  12429  9062  1199  1713  30809  452  2561
 3  128  5112  8295  2154  1292  19366  571  2157
 4  328  8292  8828  1918  1670  15689  487  1863
