    0.000000    0.024602
    2.500000    0.024142
    5.000000    0.022764
    7.500000    0.020487
   10.000000    0.017337
   12.500000    0.013355
   15.000000    0.008586
   17.500000    0.003077
   20.000000   -0.003109
   22.500000   -0.009917
   25.000000   -0.017285
   27.500000   -0.025153
   30.000000   -0.033459
   32.500000   -0.042141
   35.000000   -0.051141
   37.500000   -0.060388
   40.000000   -0.069818
   42.500000   -0.079353
   45.000000   -0.088913
   47.500000   -0.098411
   50.000000   -0.107750
   52.500000   -0.116830
   55.000000   -0.125545
   57.500000   -0.133787
   60.000000   -0.141447
   62.500000   -0.148405
   65.000000   -0.154536
   67.500000   -0.159698
   70.000000   -0.163731
   72.500000   -0.166456
   75.000000   -0.167673
   77.500000   -0.167178
   80.000000   -0.164770
   82.500000   -0.160265
   85.000000   -0.153506
   87.500000   -0.144394
   90.000000   -0.132889
   92.500000   -0.119030
   95.000000   -0.102949
   97.500000   -0.084884
  100.000000   -0.065194
  102.500000   -0.044363
  105.000000   -0.023012
  107.500000   -0.001927
  110.000000    0.017926
  112.500000    0.035335
  115.000000    0.048795
  117.500000    0.056418
  120.000000    0.055895
  122.500000    0.044500
  125.000000    0.019224
  127.500000   -0.022872
  130.000000   -0.083962
  132.500000   -0.164372
  135.000000   -0.261182
  137.500000   -0.367005
  140.000000   -0.469899
  142.500000   -0.555354
  145.000000   -0.610269
  147.500000   -0.627143
  150.000000   -0.606028
  152.500000   -0.553357
  155.000000   -0.478869
  157.500000   -0.392591
  160.000000   -0.302995
  162.500000   -0.216385
  165.000000   -0.137039
  167.500000   -0.067647
  170.000000   -0.009790
  172.500000    0.035672
  175.000000    0.068311
  177.500000    0.087939
  180.000000    0.094486
