    0.000000    0.025243
    2.500000    0.024782
    5.000000    0.023405
    7.500000    0.021127
   10.000000    0.017973
   12.500000    0.013981
   15.000000    0.009193
   17.500000    0.003659
   20.000000   -0.002569
   22.500000   -0.009432
   25.000000   -0.016877
   27.500000   -0.024842
   30.000000   -0.033270
   32.500000   -0.042100
   35.000000   -0.051272
   37.500000   -0.060720
   40.000000   -0.070377
   42.500000   -0.080165
   45.000000   -0.089998
   47.500000   -0.099787
   50.000000   -0.109425
   52.500000   -0.118806
   55.000000   -0.127818
   57.500000   -0.136345
   60.000000   -0.144267
   62.500000   -0.151455
   65.000000   -0.157779
   67.500000   -0.163089
   70.000000   -0.167224
   72.500000   -0.170002
   75.000000   -0.171233
   77.500000   -0.170721
   80.000000   -0.168280
   82.500000   -0.163748
   85.000000   -0.157000
   87.500000   -0.147962
   90.000000   -0.136620
   92.500000   -0.123044
   95.000000   -0.107380
   97.500000   -0.089878
  100.000000   -0.070892
  102.500000   -0.050887
  105.000000   -0.030462
  107.500000   -0.010356
  110.000000    0.008508
  112.500000    0.024981
  115.000000    0.037617
  117.500000    0.044600
  120.000000    0.043688
  122.500000    0.032231
  125.000000    0.007291
  127.500000   -0.034009
  130.000000   -0.093803
  132.500000   -0.172422
  135.000000   -0.267014
  137.500000   -0.370369
  140.000000   -0.470812
  142.500000   -0.554139
  145.000000   -0.607500
  147.500000   -0.623493
  150.000000   -0.602097
  152.500000   -0.549571
  155.000000   -0.475455
  157.500000   -0.389621
  160.000000   -0.300445
  162.500000   -0.214180
  165.000000   -0.135094
  167.500000   -0.065883
  170.000000   -0.008143
  172.500000    0.037249
  175.000000    0.069848
  177.500000    0.089458
  180.000000    0.095999
