    0.000000    0.024167
    2.500000    0.023708
    5.000000    0.022331
    7.500000    0.020056
   10.000000    0.016911
   12.500000    0.012927
   15.000000    0.008148
   17.500000    0.002624
   20.000000   -0.003591
   22.500000   -0.010437
   25.000000   -0.017862
   27.500000   -0.025801
   30.000000   -0.034194
   32.500000   -0.042982
   35.000000   -0.052098
   37.500000   -0.061481
   40.000000   -0.071054
   42.500000   -0.080742
   45.000000   -0.090454
   47.500000   -0.100095
   50.000000   -0.109560
   52.500000   -0.118735
   55.000000   -0.127510
   57.500000   -0.135759
   60.000000   -0.143363
   62.500000   -0.150195
   65.000000   -0.156120
   67.500000   -0.160994
   70.000000   -0.164659
   72.500000   -0.166944
   75.000000   -0.167670
   77.500000   -0.166656
   80.000000   -0.163735
   82.500000   -0.158760
   85.000000   -0.151628
   87.500000   -0.142280
   90.000000   -0.130722
   92.500000   -0.117029
   95.000000   -0.101359
   97.500000   -0.083963
  100.000000   -0.065192
  102.500000   -0.045505
  105.000000   -0.025484
  107.500000   -0.005855
  110.000000    0.012489
  112.500000    0.028427
  115.000000    0.040550
  117.500000    0.047087
  120.000000    0.045857
  122.500000    0.034265
  125.000000    0.009434
  127.500000   -0.031464
  130.000000   -0.090560
  132.500000   -0.168263
  135.000000   -0.261927
  137.500000   -0.364661
  140.000000   -0.465152
  142.500000   -0.549415
  145.000000   -0.604529
  147.500000   -0.622711
  150.000000   -0.603449
  152.500000   -0.552620
  155.000000   -0.479593
  157.500000   -0.394264
  160.000000   -0.305145
  162.500000   -0.218645
  165.000000   -0.139167
  167.500000   -0.069515
  170.000000   -0.011352
  172.500000    0.034397
  175.000000    0.067266
  177.500000    0.087044
  180.000000    0.093641
