16	16	195	128.009	38.2656	0.840487	-0.0559834	0.0932549	-0.165613	0.131067	0.0598286	0.0757783	0	6
16	16	205	135.09	40.8745	0.847922	-0.0772612	0.0806633	-0.339694	0.116725	0.0140953	0.075341	0	7
16	16	245	148.379	62.3375	0.857719	0.116726	0.0624284	0.0657715	0.0901586	-0.0387957	0.0525799	0.445208	11
16	16	255	150.154	68.3898	0.856309	0.131892	0.0497555	0.16244	0.0800636	-0.206481	0.0476786	0.310482	12
16	16	265	151.412	77.0015	0.852768	0.178027	0.0434069	0.216401	0.0690296	-0.166303	0.0437206	0.388915	13
16	16	275	152.344	91.0249	0.847861	0.180507	0.0352553	0.378979	0.0577341	-0.219804	0.0342693	0.62074	14
16	18	175	110.292	36.1527	0.825446	0.191154	0.119045	-0.256767	0.164754	0.217222	0.0923075	0	4
16	18	255	147.664	72.8337	0.848165	0.0852511	0.0477516	-0.138195	0.0669991	-0.183124	0.0404892	0.416551	12
16	18	265	148.748	85.3017	0.843288	0.0485437	0.0387372	-0.0686032	0.0566553	-0.196974	0.0339625	0.623155	13
16	18	275	149.62	104.337	0.837821	0.0510131	0.0330779	-0.0509796	0.0474855	-0.25254	0.0279406	0.797702	14
16	20	205	131.299	42.6806	0.843699	-0.315706	0.0622685	0.087633	0.0899557	-0.0649453	0.0543199	0.80954	7
16	20	245	142.857	62.7764	0.845098	-0.18055	0.0461654	-0.472347	0.0551648	0.0126202	0.0319993	0.362915	11
16	22	185	119.547	38.1388	0.8318	-0.252683	0.0570524	0.0278017	0.0882209	-0.125327	0.0472916	0	5
16	22	195	125.656	40.5617	0.837179	-0.300435	0.0508304	0.026593	0.0743129	-0.172214	0.0417447	0.811143	6
16	22	245	140.377	64.3832	0.836373	-0.251938	0.0369193	-0.512426	0.0436354	0.00924902	0.0252319	0.626959	11
16	24	175	106.282	36.654	0.818655	-0.208918	0.06275	-0.0812121	0.0860953	0.00183404	0.0487067	0	4
16	24	185	116.369	38.3431	0.827215	-0.238363	0.0470948	0.0509582	0.0744226	-0.0563251	0.0432966	0	5
16	24	195	122.882	40.6528	0.832509	-0.211185	0.0416386	0.0259556	0.0625281	-0.16229	0.0384728	0.748476	6
16	24	235	135.631	57.3781	0.832679	-0.290692	0.0322604	-0.296932	0.0432197	0.00551376	0.0256011	0.532734	10
16	24	245	137.266	65.0531	0.82884	-0.319316	0.0334373	-0.246143	0.046028	0.0221832	0.0274648	0.732797	11
16	24	255	138.546	76.1076	0.823882	-0.226008	0.0357523	-0.430834	0.0448573	0.0122316	0.0270423	0	12
16	26	175	106.954	37.0246	0.816944	-0.158342	0.0477303	0.0932078	0.0720157	-0.096434	0.0420424	0	4
16	26	185	115.531	38.9194	0.823887	-0.212584	0.0388422	0.171724	0.0602945	-0.0818321	0.0357541	0.772181	5
16	26	195	121.125	41.3604	0.827685	-0.244752	0.0305492	0.0222676	0.0476157	-0.149946	0.0269583	0.595568	6
16	26	245	134.607	67.4953	0.819297	-0.250294	0.0325864	-0.354896	0.0414374	0.0414701	0.0231516	0.889352	11
16	26	255	135.848	80.6852	0.813775	-0.312296	0.0355908	-0.331801	0.0484489	0.023095	0.0275792	0	12
16	28	175	105.083	37.0599	0.812499	-0.191437	0.0377919	0.0367529	0.0565344	-0.109194	0.0322841	0	4
16	28	185	113.185	38.9124	0.818619	-0.172151	0.0312187	0.102747	0.0471924	-0.10015	0.0272935	0.708655	5
16	28	195	118.549	41.3471	0.821622	-0.203457	0.0262069	0.0742648	0.0406189	-0.104591	0.0237542	0.486583	6
16	28	255	132.854	82.0281	0.804439	-0.25708	0.036338	-0.420139	0.047939	0.0330192	0.0275796	0	12
16	28	265	133.921	103.619	0.797366	-0.238429	0.0435788	-0.273675	0.0593241	0.0145715	0.0349698	0	13
16	30	165	95.8083	35.7929	0.801874	-0.243853	0.0450396	0.226419	0.0712624	-0.177183	0.0415099	0	3
16	30	175	104.56	37.4716	0.808568	-0.220854	0.0299732	0.0612447	0.0465961	-0.179857	0.0273129	0.804729	4
16	30	185	111.355	39.5459	0.812992	-0.214108	0.0256388	0.195372	0.0407438	-0.135554	0.0238646	0.59589	5
16	30	195	116.478	42.0281	0.81505	-0.131648	0.0229957	0.071165	0.0346266	-0.114965	0.0203241	0.385159	6
16	30	205	120.299	45.1499	0.81496	-0.209636	0.0222661	0.0250382	0.0325461	-0.051253	0.0189749	0.392622	7
16	30	235	127.44	61.306	0.80558	-0.307151	0.0286141	-0.171803	0.0409848	0.0126109	0.0240103	0	10
16	30	255	130.118	87.9094	0.793692	-0.150329	0.0455514	-0.234423	0.0596677	0.00926667	0.0342266	0	12
16	32	165	94.077	35.7664	0.796849	-0.09025	0.0469264	0.105996	0.0737342	-0.0895811	0.0587985	0	3
16	32	175	102.147	37.565	0.8027	-0.156589	0.0335373	0.186344	0.0534303	-0.109597	0.0420447	0.738636	4
16	32	185	107.994	39.9045	0.805999	-0.186736	0.027862	0.1734	0.0450229	-0.0839641	0.03672	0.509842	5
16	32	195	112.608	42.8311	0.807308	-0.2011	0.0257563	0.108522	0.0403523	-0.135638	0.0326359	0.349205	6
16	34	165	93.7118	35.9742	0.792234	-0.251059	0.0518253	0.324261	0.0794	-0.184072	0.0918928	0.865585	3
16	34	175	101.391	37.8239	0.797166	-0.113844	0.0364277	0.253224	0.0585342	-0.105351	0.0623448	0.619884	4
16	34	185	107.062	40.0931	0.799452	-0.193374	0.0328234	0.148385	0.0494826	-0.0647752	0.052782	0.389136	5
16	34	195	111.356	42.9125	0.799708	-0.144815	0.0312955	0.067589	0.0457695	-0.152386	0.0476893	0.384224	6
16	34	205	115.001	46.1867	0.798203	-0.158877	0.033136	0.0723952	0.0481594	-0.0896089	0.0508547	0.592526	7
16	34	215	117.666	50.8995	0.795216	-0.187264	0.0372628	0.0131014	0.0544318	-0.0205824	0.0570767	0.805255	8
16	34	245	123.289	78.0074	0.779372	-0.243924	0.0764072	-0.0926146	0.107328	0.0661056	0.1074	0	11
16	34	255	124.75	96.9017	0.770754	-0.265432	0.0822362	0.0247354	0.129023	0.186271	0.135789	0	12
18	16	175	124.817	41.747	0.83726	0.0214123	0.100129	-0.0748693	0.136653	0.0116089	0.0747588	0	4
18	16	185	133.318	44.251	0.846	-0.221463	0.0870466	-0.507546	0.115225	0.0350786	0.0703635	0	5
18	16	195	137.795	48.0866	0.850829	-0.0104869	0.087845	-0.47077	0.118048	0.00865415	0.0647566	0	6
18	16	215	143.228	63.2582	0.855148	0.0893855	0.0688525	-0.248435	0.0918803	-0.0185665	0.0530884	0.857774	8
18	16	225	147.501	66.3201	0.857697	0.107653	0.0611612	0.0510445	0.0886388	-0.115592	0.0531394	0.697147	9
18	16	235	149.673	70.7065	0.856931	0.086347	0.0504191	0.0956782	0.0736668	-0.13816	0.0424593	0.48981	10
18	16	245	151.089	77.319	0.853835	0.0994676	0.0392336	0.28336	0.0647104	-0.261612	0.0368136	0.358267	11
18	16	255	152.129	87.657	0.849077	0.187375	0.0303601	0.422396	0.0518435	-0.270073	0.0310864	0.490984	12
18	16	265	152.914	103.736	0.843342	0.188495	0.0206467	0.412046	0.035659	-0.27253	0.0206401	0.65572	13
18	18	175	115.901	41.0332	0.829898	0.0954254	0.0805398	-0.333148	0.109763	-0.0298073	0.0636415	0	4
18	18	185	126.816	43.0162	0.839928	-0.0814015	0.0869919	-0.332681	0.115418	0.0142503	0.0831058	0	5
18	18	235	145.338	67.4493	0.852159	0.0522659	0.0571044	-0.0375997	0.0788954	-0.152873	0.0451794	0.439034	10
18	18	245	147.126	73.0789	0.849508	0.0409579	0.046425	-0.0948717	0.0642799	-0.125495	0.0362581	0.335833	11
18	18	255	148.397	81.7048	0.845078	0.137748	0.0348246	0.0730887	0.0550072	-0.266038	0.0321828	0.447253	12
18	18	265	149.342	95.6873	0.839636	0.0984038	0.0279171	0.09804	0.0420545	-0.226941	0.0250519	0.719643	13
18	20	215	135.259	56.9756	0.845653	0.0259426	0.0577387	-0.287231	0.0754772	-0.0598766	0.0455907	0.704039	8
18	22	165	104.188	40.1045	0.818659	0.083146	0.0931101	-0.224405	0.130425	0.0758319	0.0745845	0	3
18	24	165	101.623	40.2136	0.814834	0.0913429	0.0753195	-0.283808	0.113996	-0.139182	0.0675288	0	3
18	24	265	140.177	104.23	0.814352	-0.269836	0.0306959	-0.471738	0.0401807	0.0155137	0.0246056	0	13
18	26	165	101.322	40.4867	0.812313	-0.121125	0.0635044	0.0101005	0.0947284	-0.0926387	0.0554622	0	3
18	26	175	111.615	42.1968	0.820801	-0.213276	0.0520075	0.0120768	0.0771192	-0.190885	0.0440314	0	4
18	26	185	118.258	44.6041	0.82579	-0.28935	0.0404464	0.0384408	0.0631292	-0.173843	0.0351296	0.820679	5
18	26	205	126.61	51.5584	0.828946	-0.248106	0.0303387	0.0108176	0.044928	-0.0974246	0.0259637	0.427827	7
18	26	255	136.452	91.1215	0.810174	-0.31964	0.0288227	-0.450827	0.0380096	0.0502293	0.0221152	0	12
18	28	165	99.2521	40.3962	0.807851	-0.246648	0.0554821	0.18082	0.0874777	-0.154926	0.049758	0	3
18	28	185	115.882	44.4668	0.820166	-0.257096	0.0332171	0.00888156	0.0495516	-0.137133	0.0285885	0.762701	5
18	28	245	132.387	77.0859	0.806769	-0.335204	0.0264794	-0.332917	0.0358288	0.00669623	0.0205952	0	11
18	28	255	133.495	92.3237	0.800682	-0.349313	0.0312521	-0.37957	0.0428846	0.00666282	0.0257273	0	12
18	30	165	99.6188	40.7169	0.804831	-0.269697	0.0426327	0.0109044	0.0643832	-0.0849376	0.0383524	0	3
18	30	175	107.931	42.7229	0.810832	-0.205884	0.0312461	0.0282962	0.0491803	-0.190672	0.0293884	0.856162	4
18	30	185	113.767	45.1806	0.813971	-0.284675	0.0262218	0.093372	0.0407033	-0.171025	0.0238198	0.6418	5
18	30	195	118.443	47.9352	0.815038	-0.239919	0.0217545	0.0117958	0.0328175	-0.0847705	0.0196469	0.414455	6
18	32	165	97.7669	40.6097	0.799619	-0.233634	0.0514105	0.179623	0.0776982	-0.203351	0.0610311	0	3
18	32	175	104.607	42.9529	0.804117	-0.232684	0.0373581	0.234707	0.0588707	-0.171943	0.0461918	0.776084	4
18	32	185	109.603	45.9671	0.806301	-0.160219	0.0287336	0.0773574	0.0431402	-0.141551	0.0344229	0.561629	5
18	32	195	114.432	49.0184	0.807168	-0.225135	0.0235786	0.0551043	0.0364605	-0.0670694	0.0291867	0.362512	6
18	32	225	123.592	62.6116	0.798965	-0.295031	0.0267323	-0.102046	0.0391041	0.0263731	0.029683	0.826483	9
18	32	235	125.287	71.1241	0.793755	-0.223708	0.0332998	-0.233686	0.0453676	0.015163	0.0359654	0	10
18	32	245	126.691	83.1445	0.787497	-0.277572	0.0411594	-0.251744	0.0582569	0.0338482	0.0420909	0	11
18	34	165	97.509	40.9115	0.794814	-0.196672	0.0510704	0.268964	0.0796419	-0.0196768	0.083512	0.896523	3
18	34	175	103.881	43.1497	0.798204	-0.262709	0.0362139	0.120026	0.0566356	-0.11971	0.059031	0.67199	4
18	34	185	108.873	45.8314	0.799469	-0.178047	0.030115	0.0959973	0.0456723	-0.0381016	0.0485377	0.435089	5
18	34	195	113.251	48.7244	0.798976	-0.182949	0.0269742	0.00429547	0.03984	-0.0740085	0.0412311	0.375767	6
18	34	205	116.595	52.409	0.796586	-0.184019	0.0269391	0.00622484	0.040391	-0.112344	0.0420339	0.554257	7
18	34	225	121.174	63.424	0.787878	-0.25639	0.0365442	-0.112488	0.0539837	0.00880532	0.0561338	0	9
18	34	235	122.766	72.617	0.781964	-0.275584	0.0510554	-0.0447965	0.0743538	0.00879438	0.0764503	0	10
20	16	165	119.131	45.3726	0.832288	-0.141821	0.101583	-0.429074	0.121318	0.000888411	0.0762729	0	3
20	16	175	129.985	47.4903	0.842425	0.145686	0.109506	-0.0796123	0.145997	0.0396729	0.0833948	0	4
20	16	185	135.095	51.3788	0.848144	0.214077	0.0898585	-0.150374	0.144	-0.166116	0.0866	0	5
20	16	195	137.837	58.0071	0.851055	0.0386911	0.0879985	-0.105009	0.128345	-0.103702	0.0750278	0	6
20	16	205	139.598	69.1038	0.852103	0.197095	0.0700635	-0.172286	0.10716	-0.0687517	0.0589179	0	7
20	16	215	145.934	70.9491	0.857194	0.121131	0.059329	0.0813125	0.0934226	-0.127994	0.0562533	0	8
20	16	225	148.774	74.3824	0.85758	0.154158	0.0455354	0.218285	0.0782292	-0.165656	0.044327	0.728178	9
20	16	235	150.519	79.1962	0.85531	0.165377	0.0403951	0.423157	0.0689107	-0.160105	0.0405474	0.540244	10
20	16	245	151.724	86.7632	0.850987	0.190182	0.0304239	0.507325	0.0538635	-0.258251	0.0312247	0.469729	11
20	16	255	152.595	98.9557	0.845374	0.222241	0.0205966	0.520031	0.0368291	-0.262032	0.0217496	0.562231	12
20	18	175	121.979	46.2098	0.835205	0.0505207	0.0805915	-0.207703	0.112333	0.00488977	0.0645668	0	4
20	18	205	134.964	63.271	0.847614	0.0244235	0.0874502	-0.124012	0.112938	-0.0587685	0.0641363	0	7
20	18	215	140.405	67.8717	0.851324	0.0637305	0.0714517	-0.19781	0.0929107	-0.104625	0.0519116	0	8
20	18	225	144.115	71.3509	0.852623	-0.0130631	0.0634346	0.0616278	0.0892134	-0.0936375	0.0513025	0.709452	9
20	18	235	146.299	76.1506	0.851155	0.154653	0.0485653	0.0482983	0.0714258	-0.188551	0.0425563	0.47966	10
20	18	245	147.885	81.6396	0.847193	0.115258	0.0373676	0.228339	0.0590906	-0.300974	0.0338178	0.427406	11
20	18	255	148.98	91.7674	0.841853	0.179897	0.026417	0.28612	0.0429174	-0.243702	0.0247857	0.627751	12
20	18	265	149.817	106.738	0.835913	0.198329	0.0187588	0.264033	0.0292146	-0.277191	0.017408	0.566619	13
20	20	165	107.663	44.4161	0.822616	0.200611	0.100382	-0.105198	0.147777	-0.0350164	0.0884511	0	3
20	20	175	117.718	46.1123	0.831153	-0.189238	0.0723182	-0.150284	0.109624	0.0966567	0.0637117	0	4
20	20	195	130.269	52.8062	0.842799	-0.139581	0.0900629	-0.319852	0.103918	0.0151153	0.0639143	0	6
20	20	245	144.533	79.9336	0.840532	0.00879556	0.0354121	-0.169038	0.048665	-0.147728	0.0285423	0.479622	11
20	20	265	146.568	105.513	0.829219	0.000692368	0.0218053	-0.0463732	0.0301344	-0.198908	0.0178648	0.729906	13
20	22	175	119.24	46.8864	0.831538	-0.230622	0.0699199	0.00363839	0.109457	-0.0901836	0.0651297	0	4
20	28	155	95.2698	43.8145	0.804607	0.079322	0.0741359	-0.392101	0.104806	-0.102527	0.0663614	0	2
20	28	255	134.038	102.462	0.796723	-0.322164	0.029237	-0.345709	0.0383327	0.0225064	0.0221491	0	12
20	30	155	94.7051	43.876	0.80103	-0.151322	0.0587917	0.0584157	0.0885575	-0.192376	0.0535449	0	2
20	30	165	103.791	45.7183	0.807964	-0.28376	0.0474023	0.0874991	0.074053	-0.115278	0.0421373	0	3
20	30	175	110.298	48.3737	0.812081	-0.249253	0.0339447	0.0249947	0.0550736	-0.234097	0.0328313	0	4
20	30	185	115.675	51.1831	0.814299	-0.269049	0.0281363	0.0152058	0.0420284	-0.183929	0.0245907	0.689735	5
20	30	255	131.275	106.501	0.78586	-0.288197	0.0368415	-0.232057	0.0519132	0.0136362	0.0320158	0	12
20	32	165	100.783	45.7924	0.801687	-0.289942	0.0481653	0.0183905	0.0777387	-0.115399	0.0591015	0	3
20	32	185	110.55	52.6004	0.806214	-0.244461	0.0285997	0.121662	0.0459925	-0.178457	0.0353857	0.613591	5
20	32	195	115.976	55.4053	0.806824	-0.275556	0.0228088	0.0241581	0.035802	-0.113919	0.0283816	0.400599	6
20	34	165	99.681	46.147	0.795982	-0.236729	0.0526929	0.134651	0.0832461	-0.195633	0.0862923	0	3
20	34	175	104.893	49.0996	0.79819	-0.293865	0.0382715	0.0537619	0.0582887	-0.22339	0.0622841	0.721686	4
20	34	185	110.116	51.9299	0.79912	-0.287333	0.0286737	0.0613279	0.04443	-0.104961	0.0483431	0.50004	5
20	34	195	114.752	54.6855	0.79802	-0.231623	0.0252909	0.0375482	0.0378428	-0.0520723	0.0391081	0.426967	6
20	34	235	123.608	79.7134	0.778184	-0.344104	0.0425547	-0.215148	0.0596747	0.0677998	0.0573868	0	10
22	16	165	125.735	50.722	0.838148	0.242398	0.0825356	-0.292626	0.11978	-0.0470788	0.066046	0	3
22	16	175	133.002	54.0728	0.845824	0.29605	0.0823632	-0.14291	0.137967	-0.0769554	0.0808141	0	4
22	16	185	136.066	60.1203	0.84931	0.183571	0.0945455	-0.175167	0.134695	0.0862225	0.0825309	0	5
22	16	195	137.608	71.0137	0.850584	0.0326258	0.078174	-0.22684	0.10669	-0.141097	0.0634258	0	6
22	16	205	144.288	74.2347	0.856115	0.162088	0.0679524	0.141651	0.0999316	-0.12417	0.0574531	0	7
22	16	215	147.749	77.6946	0.857876	0.139167	0.0519082	0.335074	0.0868624	-0.227533	0.0489033	0	8
22	16	225	149.905	81.1695	0.856526	0.178069	0.0402283	0.252948	0.0664256	-0.149091	0.0374709	0.754746	9
22	16	235	151.301	86.8821	0.852759	0.148888	0.0315934	0.364694	0.0531363	-0.186183	0.0308795	0.598226	10
22	16	245	152.287	96.0357	0.84743	0.206721	0.0222313	0.51607	0.0390596	-0.237289	0.0226398	0.588379	11
22	16	255	153.024	109.141	0.841327	0.207038	0.0144047	0.509679	0.0240533	-0.25758	0.0139638	0.302268	12
22	18	165	115.991	49.3769	0.829947	0.0166967	0.0767956	-0.196694	0.112777	-0.034948	0.0646292	0	3
22	18	175	126.429	51.9451	0.839588	0.15644	0.0899508	-0.0208198	0.128652	-0.0945797	0.0704886	0	4
22	18	185	131.783	55.7858	0.845081	0.11331	0.086108	-0.301557	0.120176	-0.0580088	0.0665494	0	5
22	18	205	136.876	72.6042	0.848779	0.0932245	0.0748914	0.00528426	0.109706	-0.154534	0.0600344	0	7
22	18	215	142.568	75.1001	0.852604	0.0600555	0.0566564	-0.169858	0.0816952	-0.145082	0.0486025	0	8
22	18	225	145.345	78.9468	0.852274	0.163287	0.0462824	0.0688782	0.0732	-0.179853	0.0407099	0.708793	9
22	18	235	147.249	83.0798	0.84921	0.177941	0.0419009	0.321765	0.0641893	-0.208439	0.0362523	0.543563	10
22	18	245	148.548	89.9603	0.844172	0.188445	0.0271873	0.326001	0.0454504	-0.281436	0.0259704	0.607406	11
22	18	255	149.474	101.836	0.83816	0.180983	0.017695	0.364116	0.0290312	-0.254867	0.0165635	0.397364	12
22	20	165	111.664	49.1674	0.825903	-0.0159808	0.0830072	0.226734	0.130898	-0.0776341	0.0748715	0	3
22	20	175	122.092	51.4089	0.835246	0.145902	0.0708845	-0.197123	0.111424	-0.0497493	0.0685885	0	4
22	20	185	127.965	55.1013	0.840798	0.0783522	0.0791272	-0.156089	0.116733	-0.0924384	0.0692221	0	5
22	20	205	131.736	73.0761	0.84278	0.0433841	0.0715143	-0.164086	0.0994674	-0.141833	0.0564706	0	7
22	20	215	138.234	75.1961	0.846742	0.0400911	0.0596144	-0.170518	0.0851084	-0.128363	0.0484407	0.776108	8
22	20	235	143.725	81.5577	0.843088	0.0474082	0.0371845	-0.0957494	0.053531	-0.185067	0.0302036	0.472099	10
22	20	245	145.144	87.9316	0.837739	0.128856	0.027578	-0.0140273	0.0405623	-0.241513	0.0224736	0.61418	11
22	20	255	146.159	99.5586	0.831704	0.0540057	0.0186315	0.0124929	0.0269929	-0.236285	0.0152459	0.485202	12
22	22	175	122.41	52.6303	0.834415	-0.093781	0.0894261	0.0773896	0.121185	-0.0703053	0.0709975	0	4
22	24	155	101.139	48.2767	0.814447	0.0789005	0.0924246	0.146908	0.145954	-0.0567313	0.084646	0	2
22	24	165	110.636	49.8599	0.82237	-0.050078	0.0639443	0.0454779	0.102765	-0.147713	0.0581975	0	3
22	30	155	98.3223	48.5808	0.803908	-0.188788	0.0530669	0.0305862	0.0785256	-0.147314	0.0453026	0	2
22	30	175	111.641	54.5457	0.812428	-0.345692	0.0389044	0.0282246	0.0611974	-0.254536	0.0346108	0	4
22	32	165	101.582	51.398	0.802111	-0.297421	0.0550787	0.118283	0.0934883	-0.358191	0.0701212	0	3
22	34	165	100.06	51.7581	0.796004	-0.354416	0.0596314	0.0766001	0.0946884	-0.186409	0.105727	0	3
22	34	185	110.81	58.0241	0.798717	-0.312131	0.0304451	0.034892	0.0460345	-0.150942	0.0503227	0.579253	5
24	16	155	120.118	53.9663	0.833173	-0.201295	0.0884354	-0.169329	0.1479	0.0401993	0.0838799	0	2
24	16	165	129.044	57.3474	0.841676	0.224678	0.0970382	-0.151568	0.142242	0.0402864	0.0796739	0	3
24	16	175	134.648	61.9464	0.847746	0.103755	0.102456	-0.132299	0.139675	-0.0756459	0.0784179	0	4
24	16	185	134.942	73.8951	0.848291	0.191469	0.082527	0.253917	0.146305	-0.116738	0.0795819	0	5
24	16	195	141.956	78.069	0.854298	0.223029	0.0727456	0.13201	0.115252	-0.119889	0.0652846	0	6
24	16	205	146.657	80.3105	0.857785	0.075203	0.0577482	0.0739871	0.0888352	-0.182912	0.0522275	0	7
24	16	215	149.127	83.9888	0.857513	0.21059	0.0450149	0.449483	0.0808435	-0.155052	0.0472676	0	8
24	16	225	150.777	88.343	0.854526	0.151236	0.0371589	0.520198	0.0663195	-0.260212	0.0394821	0.775485	9
24	16	235	151.909	95.4469	0.849642	0.185935	0.0255828	0.515643	0.0465057	-0.262549	0.0269513	0.683997	10
24	16	245	152.751	107.006	0.843474	0.210968	0.0152263	0.475853	0.0267139	-0.264113	0.0157639	0.344063	11
24	18	165	121.222	54.8447	0.834561	-0.0805023	0.083992	0.153563	0.140205	-0.0363713	0.0841877	0	3
24	18	175	129.084	58.1276	0.842352	0.038257	0.10623	0.181802	0.155645	-0.121096	0.0891071	0	4
24	18	185	132.597	64.2715	0.845929	-0.0762833	0.103942	0.0799403	0.144855	-0.125719	0.0799438	0	5
24	18	195	132.657	77.437	0.845522	0.264754	0.0747462	-0.138272	0.11564	-0.137704	0.0655307	0	6
24	18	205	140.271	79.3454	0.851433	0.217842	0.0627909	-0.0404169	0.0990664	-0.031762	0.0565954	0	7
24	18	215	144.077	82.1595	0.852899	0.176752	0.0531631	0.132975	0.0865239	-0.0717496	0.0527063	0	8
24	18	225	146.353	85.685	0.851112	0.17403	0.0443158	0.363624	0.0747846	-0.225087	0.0445912	0.75314	9
24	18	235	147.962	90.2547	0.84676	0.249371	0.0321924	0.365109	0.0552278	-0.259063	0.0317708	0.668288	10
24	18	245	149.045	98.9028	0.840981	0.232154	0.0197059	0.359395	0.0344941	-0.282079	0.0197143	0.429571	11
24	18	255	149.822	110.047	0.835085	0.203862	0.0132978	0.377015	0.0222964	-0.312583	0.0134175	0.13053	12
24	20	155	114.157	53.8867	0.828052	-0.0206781	0.0791151	0.00181897	0.122723	-0.0169441	0.0689239	0	2
24	20	165	122.956	56.9706	0.836161	-0.0199935	0.0916385	-0.03435	0.12775	0.0186506	0.0777571	0	3
24	20	175	127.832	61.8554	0.840739	0.0445385	0.0782093	-0.146904	0.127507	-0.137966	0.0779979	0	4
24	20	185	126.99	75.1836	0.839528	0.0680367	0.0814594	-0.228048	0.110292	-0.0302639	0.063111	0	5
24	20	195	134.266	79.2942	0.844701	0.167305	0.0708115	-0.0101742	0.112193	-0.194649	0.0673744	0	6
24	20	205	139.306	81.572	0.847283	0.142685	0.062447	0.062265	0.0964177	-0.204582	0.0570222	0	7
24	20	215	142.222	84.0795	0.845904	0.170698	0.0504534	0.0710628	0.0718298	-0.136198	0.042786	0.70547	8
24	20	225	144.196	87.711	0.841632	0.136568	0.0330256	0.0191029	0.0513257	-0.22137	0.0290419	0.633957	9
24	20	235	145.498	94.8208	0.835735	0.111805	0.0221252	0.123938	0.0347152	-0.236714	0.0200859	0.427139	10
24	20	245	146.444	106.776	0.82952	0.0796738	0.0135706	0.0762991	0.0204552	-0.262536	0.0119165	0.212317	11
24	22	155	107.649	53.0755	0.821473	-0.0413629	0.0836068	-0.0853071	0.110989	0.0297406	0.0652766	0	2
24	24	155	103.962	53.0068	0.816741	-0.0189136	0.0760897	-0.0785246	0.107903	0.0498641	0.0675813	0	2
24	24	165	114.435	55.2671	0.825634	-0.0874183	0.0745808	0.107573	0.115667	-0.0264041	0.0735214	0	3
24	24	175	120.717	58.7671	0.830749	0.0145767	0.0653609	-0.367744	0.0967592	-0.0627847	0.0609299	0	4
24	26	155	104.562	53.3533	0.81501	0.0285151	0.0578228	-0.106838	0.0887645	-0.0782687	0.0508567	0	2
24	28	155	101.299	53.0144	0.809527	-0.0447783	0.0578675	0.0138913	0.0878668	-0.113549	0.0528496	0	2
24	34	145	92.5509	51.9534	0.791467	-0.207387	0.0838891	0.0055951	0.127827	-0.198676	0.131989	0	1
26	16	155	125.15	60.199	0.837802	0.238156	0.103621	0.193382	0.169258	-0.134141	0.096787	0	2
26	16	175	133.863	74.0859	0.847322	-0.0703622	0.0852544	0.21322	0.147708	-0.120746	0.0886554	0	4
26	16	185	139.697	80.3274	0.852402	-0.00897315	0.0840559	0.118687	0.124932	-0.0603488	0.0694981	0	5
26	16	195	145.571	82.2526	0.857397	0.17171	0.0589283	0.0934606	0.096811	-0.202663	0.0562826	0	6
26	16	205	148.429	85.3826	0.858023	0.0488783	0.0572367	0.464088	0.0934019	-0.124219	0.0542618	0	7
26	16	215	150.257	89.3589	0.855846	0.0329727	0.048235	0.548842	0.0770564	-0.176457	0.043925	0	8
26	16	225	151.553	94.9045	0.851454	0.112116	0.0323748	0.57924	0.0566933	-0.254806	0.0331146	0.789668	9
26	16	235	152.457	104.266	0.84568	0.154809	0.019225	0.492531	0.0339412	-0.273992	0.0195251	0.581435	10
26	18	165	123.923	60.681	0.837275	0.263994	0.0683299	-0.13443	0.127411	-0.168844	0.0695496	0	3
26	18	175	130.067	65.2477	0.843529	-0.167614	0.0938058	0.109034	0.14688	-0.0275763	0.0767505	0	4
26	18	185	130.392	77.0673	0.843912	0.0969324	0.0741448	-0.172495	0.115246	-0.128447	0.0676587	0	5
26	18	195	137.423	81.3991	0.849481	0.163354	0.0720003	0.228882	0.120688	-0.127702	0.0688565	0	6
26	18	205	142.406	84.1831	0.85277	0.133854	0.0614991	0.166709	0.0989951	-0.160475	0.056513	0	7
26	18	215	145.255	87.3947	0.852426	0.173319	0.0484845	0.319372	0.0843991	-0.259175	0.0503545	0	8
26	18	225	147.196	90.6908	0.849265	0.131639	0.0392882	0.288842	0.0644176	-0.265333	0.0374144	0.785738	9
26	18	235	148.513	96.7037	0.843977	0.173462	0.0274835	0.399006	0.0452303	-0.265064	0.0264591	0.660151	10
26	18	245	149.454	106.882	0.837554	0.209102	0.0150598	0.376483	0.0247959	-0.284099	0.0143624	0.226832	11
26	20	145	109.016	56.9452	0.823753	-0.277506	0.132265	0.13258	0.181335	-0.00167739	0.110087	0	1
26	20	175	125.936	75.1567	0.838996	0.0778053	0.0799096	-0.0868648	0.115825	-0.153777	0.0650826	0	4
26	20	185	130.595	83.4421	0.842179	-0.0512766	0.0798813	0.174136	0.124987	-0.224807	0.0721404	0	5
26	20	195	137.392	85.5974	0.846845	0.128248	0.0606997	-0.181511	0.0914661	-0.116491	0.0505686	0	6
26	20	205	140.966	87.9749	0.847109	0.0981541	0.0525156	0.117764	0.0844353	-0.224781	0.0492277	0	7
26	20	215	143.409	89.9271	0.843814	0.145604	0.0412068	0.165307	0.0640033	-0.187177	0.0384346	0.743106	8
26	20	225	145.022	94.4244	0.838241	0.0945609	0.0287773	0.200982	0.0427861	-0.20576	0.0247818	0.568404	9
26	20	235	146.07	103.529	0.831764	0.138689	0.0157564	0.207641	0.0243132	-0.252222	0.0141992	0.16159	10
26	22	155	112.279	58.0106	0.825426	-0.123408	0.0836035	0.140924	0.122551	-0.109031	0.0690942	0	2
26	22	165	121.055	61.2232	0.833288	-0.129786	0.0878042	0.136916	0.12759	-0.0830815	0.0756157	0	3
26	22	175	124.929	66.9685	0.836492	0.0500007	0.0774231	0.0105125	0.115708	-0.094258	0.0665656	0	4
26	22	185	124.945	79.192	0.835623	0.147073	0.0713509	0.00287817	0.110205	-0.182223	0.062634	0	5
26	22	195	132.341	81.7983	0.840385	0.0125844	0.0633046	-0.266175	0.0880713	-0.153052	0.0541398	0	6
26	22	205	136.47	84.778	0.841121	0.0159056	0.0543609	-0.0689952	0.0782823	-0.140667	0.0474424	0.87299	7
26	22	215	139.303	87.0207	0.838415	0.0581288	0.0391729	-0.137385	0.055553	-0.184801	0.0318089	0.710603	8
26	22	225	141.256	90.111	0.832889	0.0293375	0.0284965	-0.126447	0.0369723	-0.15931	0.0206633	0.56071	9
26	24	145	103.942	57.0152	0.816741	-0.0832097	0.0674348	0.0474387	0.120164	-0.231928	0.0730904	0	1
26	24	165	120.637	63.5266	0.830677	0.13283	0.0720799	0.0369342	0.119038	-0.202436	0.0677275	0	3
26	26	155	109.02	58.3282	0.818709	0.00691096	0.0648782	0.0162295	0.104597	-0.221912	0.0604714	0	2
26	28	145	100.442	56.7818	0.808839	-0.0768961	0.0627519	0.104528	0.0956931	-0.167036	0.0539356	0	1
26	28	155	109.914	59.5124	0.816218	-0.175158	0.0658365	0.0805696	0.106221	-0.217645	0.0626233	0	2
26	28	165	113.246	65.1412	0.817944	-0.20248	0.0642936	0.0458406	0.0971404	-0.217226	0.0577162	0	3
26	30	145	99.7591	56.8675	0.805007	-0.139806	0.0598694	0.0756736	0.0930045	-0.163383	0.0527221	0	1
26	30	155	106.726	60.4201	0.809799	-0.312245	0.0540109	0.0725669	0.0927302	-0.196829	0.0533077	0	2
26	34	145	94.4216	56.3912	0.792829	-0.181078	0.0905866	0.102252	0.144267	-0.25392	0.145417	0	1
28	16	155	128.253	67.3628	0.841107	-0.142776	0.0924036	0.116948	0.161164	-0.108763	0.0932205	0	2
28	16	165	133.468	73.8538	0.846759	-0.16286	0.0821988	0.077042	0.142746	-0.225688	0.086321	0	3
28	16	175	137.123	82.509	0.850193	0.0109831	0.0839616	0.0904026	0.134156	-0.111286	0.0697884	0	4
28	16	185	144.431	83.7421	0.856738	0.0247172	0.0829288	0.373966	0.128556	-0.381407	0.0768587	0	5
28	16	195	147.654	86.6881	0.858333	0.0513452	0.0620451	0.320398	0.100921	-0.0806871	0.0597515	0	6
28	16	205	149.719	90.2083	0.856888	-0.00832421	0.0526752	0.501453	0.0867228	-0.173881	0.0510328	0	7
28	16	215	151.157	95.0094	0.853195	0.0226215	0.0371936	0.388593	0.0622977	-0.213884	0.0361932	0	8
28	16	225	152.156	102.673	0.847913	0.12811	0.0268035	0.520346	0.0446416	-0.22357	0.026304	0.780189	9
28	16	235	152.813	111.6	0.842211	0.173092	0.017214	0.498616	0.0289172	-0.253838	0.0171907	0.538164	10
28	18	145	117.348	63.2585	0.831257	0.143255	0.0865576	0.0940645	0.149007	-0.15488	0.0854205	0	1
28	18	165	130.263	74.5089	0.843831	0.0222465	0.0762083	-0.063498	0.121636	-0.222109	0.0665275	0	3
28	18	175	133.465	83.9265	0.846317	-0.0251285	0.0805834	0.0272433	0.118974	-0.178036	0.0681538	0	4
28	18	185	140.674	85.3635	0.85209	0.031127	0.0722873	0.314549	0.116401	-0.15599	0.0702329	0	5
28	18	195	143.994	88.8374	0.853149	0.0494524	0.0544144	0.185619	0.0913329	-0.257496	0.053901	0	6
28	18	205	146.283	91.7368	0.851206	0.0884507	0.0510585	0.455451	0.0823975	-0.195464	0.0486188	0	7
28	18	215	147.909	96.0212	0.846847	0.206531	0.0353252	0.526526	0.060858	-0.198945	0.0353122	0.800256	8
28	18	225	148.991	103.437	0.840878	0.198146	0.0211158	0.458191	0.036129	-0.281315	0.0208275	0.56992	9
28	18	235	149.655	111.887	0.834961	0.201019	0.0144392	0.439448	0.0235822	-0.297906	0.0137397	0.206199	10
28	20	155	122.199	66.1332	0.835557	0.200991	0.0881073	0.071307	0.132086	-0.174153	0.0789295	0	2
28	20	165	125.778	73.7627	0.838977	-0.265472	0.0874713	0.066575	0.132097	-0.110449	0.0826056	0	3
28	20	175	126.151	86.9677	0.838772	0.125164	0.0773582	0.159467	0.121113	-0.15158	0.0686975	0	4
28	20	185	135.043	88.9006	0.845577	0.0385345	0.0626498	0.0511089	0.104993	-0.216869	0.063339	0	5
28	20	195	139.516	91.4069	0.847553	0.1325	0.0575741	0.238345	0.0958692	-0.173738	0.0580513	0	6
28	20	205	142.35	93.5881	0.845835	0.175845	0.047791	0.274832	0.077487	-0.154537	0.0428551	0	7
28	20	215	144.332	95.8945	0.841032	0.164196	0.0354988	0.280879	0.0552202	-0.306661	0.0312058	0.750502	8
28	20	225	145.637	101.941	0.834602	0.126497	0.0206141	0.237789	0.0314	-0.262387	0.0181532	0.395537	9
28	20	235	146.51	111.339	0.827649	0.12743	0.0110984	0.218721	0.0167191	-0.279631	0.00978221	0.0929517	10
28	22	165	123.003	75.0146	0.834793	0.0496261	0.0775729	0.0934684	0.119464	-0.249316	0.0614605	0	3
28	22	185	132.589	87.9601	0.84062	-0.00519957	0.0706331	0.103863	0.104289	-0.0508623	0.0653787	0	5
28	22	195	136.717	90.3157	0.841162	-0.114633	0.0573056	0.0264907	0.0814047	-0.141324	0.0477495	0	6
28	22	205	139.532	92	0.838099	0.147717	0.0398314	0.053457	0.0599722	-0.200096	0.0349276	0.766765	7
28	22	215	141.429	95.0891	0.832272	0.0715058	0.0263664	-0.0354538	0.036769	-0.219679	0.0209041	0.540155	8
28	22	225	142.658	102.384	0.825452	0.0354194	0.0148313	0.0178054	0.0208349	-0.219303	0.0118977	0.14371	9
28	22	235	143.594	111.142	0.819889	0.0389042	0.0100144	-0.0449555	0.0142556	-0.239305	0.00844036	0.180209	10
28	24	155	118.085	65.2186	0.828764	-0.200158	0.0735713	0.0574175	0.118231	-0.265077	0.0677833	0	2
28	24	175	122.131	83.5799	0.830651	0.0126959	0.06499	-0.342138	0.0916559	-0.0877555	0.0528366	0	4
28	26	135	97.9475	59.8014	0.809572	-0.168572	0.0951142	0.0397139	0.140921	-0.244576	0.0816297	0	0
28	26	145	107.877	62.327	0.817792	0.014036	0.0706401	0.201713	0.117265	-0.0902069	0.0689062	0	1
28	28	145	104.919	61.5786	0.812445	-0.0976939	0.0658425	0.0194314	0.100833	-0.162115	0.0551589	0	1
28	28	155	111.795	65.437	0.817447	-0.0669775	0.0707646	0.0267298	0.104125	-0.178238	0.058608	0	2
28	30	135	93.7722	59.293	0.800293	0.0728984	0.0700459	0.0472932	0.114177	-0.173383	0.0624628	0	0
28	30	145	103.047	61.8899	0.807445	-0.221517	0.0611533	0.183844	0.106526	-0.218325	0.0610814	0	1
28	32	135	93.6287	59.8258	0.796598	-0.251772	0.0756266	0.178229	0.132124	-0.312487	0.0943318	0	0
28	32	145	99.2625	64.6109	0.800543	-0.158779	0.0772115	0.0227355	0.124372	-0.0914292	0.094581	0	1
28	34	135	91.7921	59.4977	0.790827	0.0464227	0.109161	0.0159033	0.154713	-0.0652427	0.155828	0	0
30	16	135	114.969	64.9787	0.829145	0.396712	0.113429	-0.942311	0.168421	-0.106787	0.12775	0	0
30	16	145	123.806	69.6719	0.836686	0.192086	0.0843027	-0.34774	0.135068	-0.173563	0.084729	0	1
30	16	155	130.148	76.1609	0.843321	-0.0180527	0.0910715	0.199029	0.170498	-0.170119	0.0995201	0	2
30	16	165	134.699	84.6129	0.847894	-0.0386305	0.110278	0.508079	0.179176	-0.22798	0.110457	0	3
30	16	175	143.175	85.0215	0.85585	-0.0961805	0.0862414	0.256747	0.135802	-0.200539	0.0775236	0	4
30	16	185	146.787	88.0658	0.858364	0.175264	0.0620127	0.152689	0.108373	-0.239783	0.0688666	0	5
30	16	195	149.121	91.2578	0.857811	0.0808461	0.0602891	0.330682	0.0969626	-0.212031	0.0577008	0	6
30	16	205	150.703	95.6336	0.854846	0.0444583	0.0489855	0.38098	0.0795542	-0.248607	0.0470248	0	7
30	16	215	151.809	101.943	0.85005	0.0837594	0.0346381	0.421708	0.0568907	-0.230305	0.0339021	0	8
30	16	225	152.615	110.94	0.843965	0.146386	0.0215834	0.517281	0.0357066	-0.236278	0.0214299	0.746492	9
30	18	145	121.416	69.8283	0.835073	0.151685	0.115581	-0.0163641	0.155863	-0.0365073	0.0984468	0	1
30	18	155	127.365	76.1463	0.841028	-0.367488	0.0894809	0.102998	0.14844	-0.254526	0.0887375	0	2
30	18	165	131.993	83.9161	0.84523	-0.128576	0.0958764	0.45505	0.161531	-0.0626331	0.106854	0	3
30	18	175	139.54	85.7656	0.851529	-0.0758714	0.0791575	0.214685	0.124959	-0.254851	0.0772773	0	4
30	18	185	143.286	88.8879	0.853446	-0.00353909	0.0703918	0.278409	0.110343	-0.153113	0.0655163	0	5
30	18	195	145.692	92.1287	0.852206	0.0133314	0.0673409	0.619169	0.107654	-0.233291	0.0664073	0	6
30	18	205	147.397	96.2226	0.848698	0.00487921	0.0470226	0.462991	0.0763063	-0.214155	0.0465435	0	7
30	18	215	148.621	102.284	0.843282	0.100758	0.0309603	0.506678	0.051188	-0.273957	0.0305353	0.796495	8
30	18	225	149.478	111.166	0.836931	0.190638	0.017241	0.508303	0.0288543	-0.282072	0.0171538	0.52401	9
30	20	145	116.501	68.8529	0.830322	0.181972	0.0864088	0.224979	0.153388	-0.0892451	0.083372	0	1
30	20	155	123.068	74.7171	0.836509	0.0192186	0.0972276	0.224246	0.152182	-0.177305	0.0863817	0	2
30	20	165	125.203	85.7862	0.838236	0.0247897	0.0858422	0.137975	0.136352	-0.148674	0.0935412	0	3
30	20	175	134.274	86.964	0.845421	-0.0885899	0.0849957	0.279895	0.129644	-0.109085	0.0740485	0	4
30	20	185	138.692	90.0095	0.84767	0.0127083	0.0683944	0.0548293	0.102158	-0.208525	0.0599538	0	5
30	20	195	141.642	93.0027	0.846863	0.176604	0.0548277	0.281358	0.0956496	-0.262939	0.0595734	0	6
30	20	205	143.731	95.7022	0.843124	0.0341638	0.0435878	0.238153	0.0707407	-0.217035	0.0388247	0	7
30	20	215	145.191	100.554	0.837308	0.150268	0.0294065	0.390847	0.0482215	-0.27789	0.0277473	0.699942	8
30	20	225	146.196	109.614	0.830556	0.182065	0.0153312	0.360272	0.0244378	-0.303944	0.0143706	0.341052	9
30	22	145	116.235	68.4825	0.829015	-0.0457252	0.090229	0.102691	0.131841	-0.256951	0.0777145	0	1
30	22	165	122.955	86.08	0.834375	0.0262184	0.0787886	0.154127	0.125559	-0.249818	0.0791026	0	3
30	22	175	130.834	88.6865	0.839946	0.0664996	0.0788778	0.282307	0.121506	-0.262921	0.0709049	0	4
30	22	185	135.192	92.2486	0.841566	0.0492761	0.0647797	0.163682	0.103625	-0.191411	0.0579304	0	5
30	22	195	138.348	94.6545	0.840048	0.0841539	0.0568685	0.23953	0.0861956	-0.234811	0.0495654	0	6
30	22	205	140.602	96.3889	0.83518	0.0616388	0.0391434	0.176638	0.0576317	-0.268627	0.0334609	0.777103	7
30	22	215	142.134	101.082	0.828546	0.0759767	0.0229917	0.106255	0.0321523	-0.26188	0.018927	0.436137	8
30	22	225	143.133	110.168	0.821241	0.0407603	0.0112878	0.0588643	0.0151171	-0.24709	0.00856278	0.224873	9
30	24	135	101.818	64.6107	0.815015	0.46941	0.0637813	-0.427937	0.114919	-0.0313509	0.0675749	0	0
30	24	145	112.487	67.7168	0.824029	-0.0513958	0.0774312	0.173753	0.134329	-0.230698	0.0807831	0	1
30	24	165	117.679	86.3447	0.827628	-0.169855	0.0865668	0.246333	0.129662	0.0212389	0.0744784	0	3
30	24	185	131.095	92.2301	0.835183	0.0572633	0.0747243	0.0334724	0.0975708	-0.0869827	0.0610508	0	5
30	24	195	134.561	94.2327	0.833574	0.0125228	0.0498273	-0.138345	0.0693608	-0.13568	0.0421601	0	6
30	24	205	137.185	95.2902	0.828366	0.00606839	0.0339265	-0.157743	0.0451059	-0.214985	0.0270989	0.673366	7
30	26	135	100.619	64.6193	0.811793	-0.0991118	0.0794986	0.0887597	0.120892	-0.134939	0.0712957	0	0
30	26	145	110.829	67.8576	0.820194	0.00250007	0.0880236	0.31458	0.133625	-0.171642	0.0780081	0	1
30	26	155	113.778	75.8499	0.822083	0.00748771	0.0825123	0.224147	0.12281	-0.0090257	0.069681	0	2
30	28	135	101.924	65.0489	0.810036	-0.00554049	0.078767	0.0261056	0.113267	-0.0767214	0.0664368	0	0
30	28	145	110.298	68.8367	0.816438	-0.215803	0.0714325	0.0609523	0.111318	-0.210677	0.0718681	0	1
30	28	155	109.601	80.3133	0.815157	-0.152034	0.0759616	0.0399954	0.106968	-0.126878	0.0623853	0	2
30	30	135	100.343	64.8126	0.805395	-0.181377	0.0733986	0.0774911	0.107004	-0.141381	0.0629466	0	0
30	30	145	107.048	69.3047	0.809988	-0.181954	0.080832	0.203028	0.115103	-0.201953	0.064361	0	1
30	34	135	96.2272	65.8349	0.793969	-0.104502	0.0913135	0.0783334	0.157353	0.00627342	0.17424	0	0
32	16	135	117.601	72.4133	0.831291	0.266285	0.172478	-0.181333	0.246677	-0.104493	0.279009	0	0
32	16	145	125.152	79.1689	0.838315	0.284309	0.132221	-0.167434	0.216427	-0.359754	0.173085	0	1
32	16	155	131.074	87.5039	0.84433	-0.347552	0.121147	0.101483	0.227301	-0.0807734	0.197068	0	2
32	16	165	140.959	88.1677	0.853792	-0.225044	0.117568	0.206095	0.207233	-0.0604675	0.176894	0	3
32	16	175	145.649	90.0593	0.857992	0.0947444	0.0883575	-0.0688843	0.158232	-0.317492	0.123541	0	4
32	16	185	148.388	92.6697	0.858495	0.0151281	0.0894971	-0.0178345	0.13443	-0.479582	0.103943	0	5
32	16	195	150.154	96.3218	0.856295	0.0580062	0.0747039	0.466429	0.132164	-0.109918	0.107251	0	6
32	16	205	151.411	101.596	0.85215	-0.00917571	0.0573521	0.27089	0.093462	-0.0860643	0.0762086	0	7
32	16	215	152.335	109.303	0.846407	0.0515824	0.0395246	0.523576	0.066873	-0.23105	0.0525025	0	8
32	18	135	115.262	72.4739	0.829565	-0.217658	0.111003	0.188487	0.221018	-0.255584	0.184528	0	0
32	18	155	128.921	86.2049	0.84249	0.25755	0.121882	-0.144998	0.178454	-0.0802209	0.134965	0	2
32	18	165	138.003	86.9719	0.850525	-0.0765518	0.115358	0.00698435	0.171012	-0.110557	0.147872	0	3
32	18	175	142.327	89.3979	0.853414	-0.260987	0.102664	0.373286	0.176702	0.0020284	0.136554	0	4
32	18	185	144.886	92.9925	0.853064	-0.0136294	0.0821627	0.0439362	0.132768	0.171936	0.100996	0	5
32	18	195	146.888	96.2594	0.850342	0.0455475	0.0674522	0.138222	0.108231	-0.189246	0.0881071	0	6
32	18	205	148.177	101.581	0.845628	0.0917428	0.0513649	0.398499	0.0874391	-0.315131	0.0717758	0	7
32	18	215	149.185	109.48	0.83936	0.107105	0.0313334	0.506488	0.0541178	-0.31659	0.0425661	0.791985	8
32	20	135	110.127	71.1191	0.824781	0.100949	0.126065	-0.185291	0.184096	-0.190198	0.137139	0	0
32	20	145	119.461	75.8977	0.833115	0.0490798	0.108381	0.0512634	0.192681	-0.207816	0.154591	0	1
32	20	155	123.549	85.141	0.836919	-0.197135	0.0968857	0.201346	0.189163	-0.00777474	0.164793	0	2
32	20	165	132.555	86.6181	0.844369	0.142751	0.103774	-0.051094	0.157719	-0.194967	0.12381	0	3
32	20	175	137.53	89.8691	0.847623	0.11056	0.0893134	0.110203	0.165617	-0.0444974	0.120602	0	4
32	20	185	140.776	92.5455	0.847678	0.17543	0.0869688	0.231992	0.140878	-0.0380117	0.112546	0	5
32	20	195	142.99	95.7324	0.845037	0.553481	0.055118	0.184406	0.117669	-0.238198	0.0917885	0	6
32	20	205	144.639	99.9468	0.840196	0.0962705	0.048044	0.186468	0.0813396	-0.183341	0.0598703	0	7
32	20	215	145.786	106.711	0.833802	0.143957	0.0322244	0.436515	0.0538804	-0.31277	0.0403358	0.710923	8
32	20	225	146.467	113.039	0.828553	0.213266	0.0238804	0.29647	0.0402546	-0.264071	0.0332522	0.513414	9
32	22	135	109.05	71.2828	0.822815	-0.0113874	0.127541	-0.15308	0.170469	0.0963143	0.116318	0	0
32	22	145	117.974	76.2155	0.830663	0.0532731	0.114865	0.455004	0.217827	0.0707279	0.157874	0	1
32	22	155	120.785	86.1627	0.832949	-0.0791697	0.119626	0.396879	0.201413	0.084452	0.163747	0	2
32	22	165	129.118	88.1017	0.839207	0.0950522	0.106296	0.209891	0.169868	-0.0487307	0.137647	0	3
32	22	175	134.266	90.7706	0.841732	0.118412	0.102205	0.349749	0.167499	-0.0473294	0.150588	0	4
32	22	185	137.462	93.8128	0.841156	0.101187	0.0823782	0.169541	0.13282	-0.100878	0.111048	0	5
32	22	195	139.87	96.2734	0.83765	0.0350967	0.0647487	0.0794221	0.100028	-0.0994606	0.0775048	0	6
32	22	205	141.588	99.9916	0.831758	0.0657201	0.0438472	0.193144	0.0693346	-0.126756	0.0585773	0.769031	7
32	22	215	142.749	107.581	0.824831	0.0675062	0.0237826	0.228098	0.0365692	-0.282395	0.029478	0.522879	8
32	24	135	102.87	69.9879	0.815958	0.234694	0.115565	-0.0718323	0.171561	-0.103384	0.151805	0	0
32	24	145	113.33	73.4541	0.824754	-0.514827	0.0925076	0.199395	0.181656	-0.381567	0.146837	0	1
32	24	155	116.825	82.5084	0.827511	-0.208256	0.116441	0.303957	0.186614	0.182106	0.156714	0	2
32	24	175	129.144	90.3701	0.835064	0.0723277	0.0967646	-0.0356108	0.141941	-0.0555907	0.120568	0	4
32	24	185	132.971	93.6989	0.835067	0.142037	0.0861391	-0.0673475	0.120981	-0.254702	0.096603	0	5
32	24	195	135.915	95.254	0.831872	0.0322227	0.0654181	0.0174571	0.0970737	-0.18314	0.0768803	0	6
32	24	215	139.323	104.034	0.818763	0.0400201	0.0231367	-0.0783091	0.0313758	-0.2111	0.025614	0.446268	8
32	26	135	102.345	69.4633	0.813269	-0.186178	0.115506	0.094726	0.171617	-0.0917941	0.145849	0	0
32	26	145	111.932	73.2491	0.821123	0.00396952	0.0876216	-0.0299768	0.157741	-0.275821	0.152072	0	1
32	26	155	113.238	83.8919	0.821525	0.0568833	0.105206	0.0687687	0.160713	-0.27509	0.120159	0	2
32	26	195	133.006	93.8374	0.823177	0.00587427	0.0548259	-0.228395	0.0711592	-0.202447	0.0582086	0.816485	6
32	28	135	104.771	70.4865	0.812311	-0.198861	0.106081	0.296096	0.168442	0.146373	0.137089	0	0
32	28	145	109.667	77.3712	0.815735	-0.0450574	0.100662	0.0256253	0.153209	-0.263269	0.132846	0	1
32	28	155	111.924	86.6791	0.816621	0.0939652	0.0952115	0.0035465	0.144768	-0.0586918	0.129925	0	2
32	28	165	119.814	88.2431	0.820724	0.0481586	0.0877597	-0.266839	0.120573	-0.0036506	0.0854768	0	3
32	28	175	124.878	90.225	0.821023	0.0134664	0.0764609	-0.318369	0.0971904	-0.20562	0.0928782	0	4
32	30	135	101.798	69.5112	0.806455	-0.167771	0.0873184	-0.0700906	0.13836	0.0376298	0.127345	0	0
32	30	145	107.113	75.7618	0.809866	-0.207617	0.0972534	0.00241696	0.142519	0.149073	0.105471	0	1
32	30	155	109.337	84.5155	0.810478	0.0675642	0.0885914	-0.0631276	0.12934	-0.136597	0.103331	0	2
32	32	135	100.551	70.2204	0.801424	-0.0525955	0.0971366	0.242794	0.154427	-0.157983	0.147435	0	0
32	32	145	103.218	78.3126	0.802429	-0.0691843	0.0918459	0.0958289	0.150694	-0.0830412	0.129211	0	1
32	32	155	107.591	84.6613	0.804299	-0.0236138	0.0988226	0.117901	0.143759	-0.0111148	0.118519	0	2
32	34	135	96.6773	75.0368	0.793796	-0.105672	0.127155	0.231207	0.202073	0.00286028	0.204261	0	0
32	34	165	113.168	86.9151	0.798613	-0.396194	0.0670012	-0.242916	0.0966059	0.0351273	0.102248	0	3
34	16	145	126.545	90.1838	0.839922	-0.127547	0.205776	0.352274	0.329875	0.497832	0.35144	0	1
34	16	155	138.961	89.6315	0.85189	0.654767	0.117712	-0.148596	0.261775	-0.506185	0.242665	0	2
34	16	165	144.521	90.8612	0.85724	0.0650026	0.164749	0.168421	0.249973	-0.226143	0.2486	0	3
34	16	175	147.677	92.8241	0.858853	-0.0176283	0.146181	0.909795	0.300185	-0.0687866	0.327409	0	4
34	16	185	149.516	96.6762	0.857452	0.0139097	0.117893	0.104211	0.186235	-0.177346	0.17997	0	5
34	16	195	150.981	101.287	0.854027	0.0378773	0.105157	0.513198	0.173436	0.0369559	0.203542	0	6
34	16	205	152.048	107.739	0.849008	0.0220107	0.0749361	0.577574	0.127509	-0.0410521	0.141184	0	7
34	16	215	152.643	113.572	0.843604	0.160715	0.0596549	0.413804	0.101338	-0.0140749	0.103229	0	8
34	18	135	117.515	81.1586	0.831658	0.522972	0.150868	0.28076	0.325569	-0.304542	0.372903	0	0
34	18	145	125.632	88.3197	0.839334	0.170853	0.146992	-0.347014	0.219547	-0.209616	0.174577	0	1
34	18	155	135.755	88.7947	0.84863	-0.209882	0.132732	-0.18646	0.242157	0.132681	0.234684	0	2
34	18	165	141.034	90.7072	0.853002	0.087104	0.134868	-0.32279	0.197614	-0.348916	0.215102	0	3
34	18	175	144.146	93.1319	0.853672	-0.123534	0.119282	-0.157713	0.178952	0.0662295	0.17064	0	4
34	18	185	146.246	96.3683	0.851678	-0.167664	0.111015	0.451902	0.196073	-0.63279	0.210927	0	5
34	18	195	147.7	100.929	0.847655	0.0639707	0.0771379	0.0393836	0.127241	-0.313063	0.117302	0	6
34	18	205	148.844	107.531	0.842213	0.048562	0.0584557	0.289642	0.0989544	-0.117802	0.105742	0	7
34	18	215	149.491	113.531	0.836741	0.0828976	0.0517786	0.571943	0.0887087	-0.271065	0.0963686	0.809815	8
34	20	135	111.07	77.9723	0.82565	-0.218541	0.16137	-0.113603	0.248084	0.176356	0.334028	0	0
34	20	145	120.327	84.3164	0.834008	-0.247466	0.147868	-0.406348	0.218143	0.0214334	0.215717	0	1
34	20	165	135.762	88.7883	0.846882	0.137569	0.125867	0.408957	0.247923	-0.551528	0.223623	0	3
34	20	175	139.253	92.5446	0.848209	-0.205716	0.121773	0.0622525	0.204407	-0.402126	0.250466	0	4
34	20	185	141.927	95.2086	0.846934	0.0660927	0.124591	-0.0122079	0.177796	-0.0356202	0.177424	0	5
34	20	195	143.793	98.7364	0.843241	0.156148	0.0879855	0.0768563	0.138089	0.158305	0.146435	0	6
34	20	205	145.172	103.953	0.837672	0.120737	0.0677087	0.543892	0.11906	0.0476455	0.128702	0	7
34	20	215	146.182	111.841	0.831103	0.186751	0.0389281	0.386482	0.064313	-0.352625	0.0691258	0.794335	8
34	22	135	111.183	77.9937	0.82468	0.0350804	0.166342	0.520947	0.295399	0.0412629	0.445298	0	0
34	22	145	118.381	85.1409	0.831053	0.114133	0.142974	-0.00628797	0.231062	0.0448567	0.28196	0	1
34	22	155	126.105	88.7087	0.837199	0.306234	0.128597	0.00595476	0.215743	-0.269655	0.284591	0	2
34	22	165	132.489	90.4915	0.841489	0.00476677	0.137097	-0.0666076	0.196845	-0.109397	0.196141	0	3
34	22	175	136.164	93.0537	0.841873	-0.195818	0.122408	0.181802	0.199997	-0.138557	0.211466	0	4
34	22	185	138.789	95.982	0.839805	0.0145925	0.0966869	0.277568	0.179547	-0.315332	0.168143	0	5
34	22	195	140.735	99.3328	0.835304	0.0666707	0.0888063	0.183149	0.135189	0.202684	0.163103	0	6
34	22	205	142.14	104.551	0.82888	0.149623	0.0554028	0.331869	0.0900618	-0.185515	0.0982822	0.810687	7
34	22	215	143.116	112.253	0.82236	0.102198	0.0320689	0.178837	0.0484063	-0.20404	0.0544968	0.702224	8
34	24	135	112.968	79.2932	0.824479	0.0883195	0.176594	0.349418	0.277724	-0.105224	0.275908	0	0
34	24	145	117.503	87.3753	0.828046	0.00139995	0.13487	0.234263	0.231407	-0.0569362	0.253974	0	1
34	24	155	125.541	89.4452	0.833649	0.0884898	0.123911	0.235358	0.21535	-0.357797	0.219943	0	2
34	24	165	130.537	92.0498	0.835672	0.0770363	0.109392	-0.150943	0.175832	0.0911282	0.21009	0	3
34	24	175	133.796	95.0017	0.834824	0.3059	0.0893721	0.0536462	0.165549	-0.263301	0.164501	0	4
34	24	185	136.395	97.3341	0.831059	-0.482521	0.0756716	0.33826	0.157968	0.0807116	0.153118	0	5
34	24	195	138.17	100.863	0.824942	0.0154118	0.0660448	0.221274	0.100858	-0.264698	0.110998	0.828376	6
34	24	205	139.464	107.412	0.817913	0.0968777	0.0336716	0.0238179	0.0482933	-0.286463	0.0486838	0.701184	7
34	26	145	114.931	86.3671	0.823064	-0.135452	0.13641	0.134906	0.218631	0.126647	0.215803	0	1
34	26	155	122.877	87.5113	0.827877	0.0130167	0.133801	0.0553103	0.194162	-0.297919	0.234996	0	2
34	26	165	127.22	91.6643	0.828991	-0.0884821	0.114848	0.223156	0.192361	-0.0659483	0.22599	0	3
34	26	175	130.686	94.1095	0.827347	-0.103083	0.101328	0.00558769	0.155153	-0.149822	0.18568	0	4
34	28	135	109.867	78.7518	0.816033	-0.0316193	0.1412	0.115528	0.21423	0.175987	0.206428	0	0
34	28	145	113.538	86.2676	0.817949	0.0395451	0.112818	-0.297835	0.158377	-0.193718	0.157827	0	1
34	28	155	120.066	88.5519	0.821108	0.0334458	0.122387	0.0226567	0.181635	-0.0299699	0.201128	0	2
34	30	135	106.01	78.1735	0.809289	-0.063175	0.119569	-0.224224	0.170918	0.175613	0.184942	0	0
34	30	145	109.222	86.5647	0.810764	-0.214281	0.110365	0.0545648	0.186538	-0.0810311	0.234415	0	1
34	30	155	116.298	88.2148	0.813842	-0.311787	0.118837	0.328457	0.198202	-0.404583	0.207375	0	2
34	32	135	103.944	77.4813	0.803352	0.123389	0.140305	-0.0651813	0.181975	-0.194813	0.175296	0	0
34	32	145	107.402	84.8675	0.804475	-0.200382	0.122341	0.0784466	0.181993	-0.189274	0.186789	0	1
34	32	155	113.515	87.6162	0.806277	-0.230672	0.112488	0.229558	0.194777	-0.565593	0.193558	0	2
34	34	135	101.381	79.8035	0.796344	-0.155205	0.127582	0.284553	0.208958	0.259705	0.271725	0	0
34	34	145	106.031	84.9968	0.797691	-0.170791	0.115142	0.0135677	0.174954	-0.0553452	0.197304	0	1
