    0.000000    0.020082
    2.500000    0.019530
    5.000000    0.017880
    7.500000    0.015149
   10.000000    0.011365
   12.500000    0.006567
   15.000000    0.000803
   17.500000   -0.005873
   20.000000   -0.013399
   22.500000   -0.021705
   25.000000   -0.030715
   27.500000   -0.040352
   30.000000   -0.050528
   32.500000   -0.061152
   35.000000   -0.072127
   37.500000   -0.083348
   40.000000   -0.094708
   42.500000   -0.106101
   45.000000   -0.117412
   47.500000   -0.128537
   50.000000   -0.139379
   52.500000   -0.149849
   55.000000   -0.159881
   57.500000   -0.169420
   60.000000   -0.178423
   62.500000   -0.186857
   65.000000   -0.194679
   67.500000   -0.201826
   70.000000   -0.208201
   72.500000   -0.213667
   75.000000   -0.218016
   77.500000   -0.220995
   80.000000   -0.222288
   82.500000   -0.221546
   85.000000   -0.218390
   87.500000   -0.212448
   90.000000   -0.203381
   92.500000   -0.190916
   95.000000   -0.174877
   97.500000   -0.155223
  100.000000   -0.132068
  102.500000   -0.105703
  105.000000   -0.076629
  107.500000   -0.045572
  110.000000   -0.013554
  112.500000    0.018036
  115.000000    0.047326
  117.500000    0.071797
  120.000000    0.088130
  122.500000    0.092076
  125.000000    0.078478
  127.500000    0.041640
  130.000000   -0.023648
  132.500000   -0.120081
  135.000000   -0.244785
  137.500000   -0.386382
  140.000000   -0.524711
  142.500000   -0.635747
  145.000000   -0.700482
  147.500000   -0.711970
  150.000000   -0.675760
  152.500000   -0.604776
  155.000000   -0.513388
  157.500000   -0.413739
  160.000000   -0.314608
  162.500000   -0.221710
  165.000000   -0.138480
  167.500000   -0.066841
  170.000000   -0.007772
  172.500000    0.038289
  175.000000    0.071190
  177.500000    0.090916
  180.000000    0.097487
