    0.000000    0.020082
    2.500000    0.019530
    5.000000    0.017880
    7.500000    0.015149
   10.000000    0.011365
   12.500000    0.006567
   15.000000    0.000803
   17.500000   -0.005873
   20.000000   -0.013399
   22.500000   -0.021705
   25.000000   -0.030715
   27.500000   -0.040352
   30.000000   -0.050528
   32.500000   -0.061207
   35.000000   -0.072629
   37.500000   -0.084377
   40.000000   -0.096327
   42.500000   -0.108370
   45.000000   -0.120384
   47.500000   -0.132250
   50.000000   -0.143859
   52.500000   -0.155105
   55.000000   -0.165899
   57.500000   -0.176164
   60.000000   -0.185826
   62.500000   -0.194822
   65.000000   -0.203074
   67.500000   -0.210477
   70.000000   -0.216896
   72.500000   -0.222150
   75.000000   -0.226007
   77.500000   -0.228188
   80.000000   -0.228382
   82.500000   -0.226251
   85.000000   -0.221459
   87.500000   -0.215212
   90.000000   -0.206211
   92.500000   -0.193939
   95.000000   -0.178255
   97.500000   -0.159136
  100.000000   -0.136711
  102.500000   -0.111272
  105.000000   -0.083300
  107.500000   -0.053500
  110.000000   -0.022850
  112.500000    0.007314
  115.000000    0.035183
  117.500000    0.058314
  120.000000    0.073487
  122.500000    0.076573
  125.000000    0.062563
  127.500000    0.025950
  130.000000   -0.038276
  132.500000   -0.132635
  135.000000   -0.254229
  137.500000   -0.391936
  140.000000   -0.526200
  142.500000   -0.635747
  145.000000   -0.700482
  147.500000   -0.711970
  150.000000   -0.680898
  152.500000   -0.612543
  155.000000   -0.521682
  157.500000   -0.421394
  160.000000   -0.321108
  162.500000   -0.226922
  165.000000   -0.142476
  167.500000   -0.069776
  170.000000   -0.009841
  172.500000    0.036885
  175.000000    0.070042
  177.500000    0.089902
  180.000000    0.096520
