    0.000000    0.020336
    2.500000    0.019786
    5.000000    0.018143
    7.500000    0.015420
   10.000000    0.011644
   12.500000    0.006853
   15.000000    0.001090
   17.500000   -0.005590
   20.000000   -0.013132
   22.500000   -0.021466
   25.000000   -0.030521
   27.500000   -0.040219
   30.000000   -0.050479
   32.500000   -0.061207
   35.000000   -0.072308
   37.500000   -0.083681
   40.000000   -0.095217
   42.500000   -0.106803
   45.000000   -0.118325
   47.500000   -0.129668
   50.000000   -0.140729
   52.500000   -0.151410
   55.000000   -0.161626
   57.500000   -0.171307
   60.000000   -0.180397
   62.500000   -0.188843
   65.000000   -0.196588
   67.500000   -0.203556
   70.000000   -0.209646
   72.500000   -0.214712
   75.000000   -0.218561
   77.500000   -0.220953
   80.000000   -0.221606
   82.500000   -0.220202
   85.000000   -0.216414
   87.500000   -0.209923
   90.000000   -0.200447
   92.500000   -0.187768
   95.000000   -0.171757
   97.500000   -0.152407
  100.000000   -0.129856
  102.500000   -0.104399
  105.000000   -0.076524
  107.500000   -0.046930
  110.000000   -0.016589
  112.500000    0.013175
  115.000000    0.040576
  117.500000    0.063214
  120.000000    0.077923
  122.500000    0.080667
  125.000000    0.066564
  127.500000    0.030252
  130.000000   -0.033143
  132.500000   -0.126113
  135.000000   -0.245983
  137.500000   -0.382183
  140.000000   -0.515911
  142.500000   -0.624450
  145.000000   -0.689280
  147.500000   -0.702892
  150.000000   -0.669711
  152.500000   -0.601674
  155.000000   -0.512600
  157.500000   -0.414493
  160.000000   -0.316224
  162.500000   -0.223684
  165.000000   -0.140483
  167.500000   -0.068685
  170.000000   -0.009376
  172.500000    0.036932
  175.000000    0.070042
  177.500000    0.089902
  180.000000    0.096520
