    0.000000    0.021931
    2.500000    0.021373
    5.000000    0.019701
    7.500000    0.016936
   10.000000    0.013102
   12.500000    0.008240
   15.000000    0.002391
   17.500000   -0.004395
   20.000000   -0.012059
   22.500000   -0.020539
   25.000000   -0.029769
   27.500000   -0.039675
   30.000000   -0.050180
   32.500000   -0.061197
   35.000000   -0.072629
   37.500000   -0.084377
   40.000000   -0.096327
   42.500000   -0.108370
   45.000000   -0.120384
   47.500000   -0.132250
   50.000000   -0.143859
   52.500000   -0.155105
   55.000000   -0.165899
   57.500000   -0.176164
   60.000000   -0.185826
   62.500000   -0.194822
   65.000000   -0.203074
   67.500000   -0.210477
   70.000000   -0.216896
   72.500000   -0.222150
   75.000000   -0.226007
   77.500000   -0.228188
   80.000000   -0.228382
   82.500000   -0.226251
   85.000000   -0.221459
   87.500000   -0.213685
   90.000000   -0.202654
   92.500000   -0.188160
   95.000000   -0.170089
   97.500000   -0.148445
  100.000000   -0.123368
  102.500000   -0.095149
  105.000000   -0.064253
  107.500000   -0.031354
  110.000000    0.002620
  112.500000    0.036397
  115.000000    0.068237
  117.500000    0.095763
  120.000000    0.115772
  122.500000    0.124068
  125.000000    0.115395
  127.500000    0.083694
  130.000000    0.022983
  132.500000   -0.070676
  135.000000   -0.195959
  137.500000   -0.342698
  140.000000   -0.490662
  142.500000   -0.613954
  145.000000   -0.690642
  147.500000   -0.711394
  150.000000   -0.680898
  152.500000   -0.612543
  155.000000   -0.521682
  157.500000   -0.421394
  160.000000   -0.321108
  162.500000   -0.226922
  165.000000   -0.142476
  167.500000   -0.069776
  170.000000   -0.009841
  172.500000    0.036885
  175.000000    0.070256
  177.500000    0.090260
  180.000000    0.096923
