    0.000000    0.024602
    2.500000    0.024862
    5.000000    0.025636
    7.500000    0.026906
   10.000000    0.028644
   12.500000    0.030811
   15.000000    0.033361
   17.500000    0.036246
   20.000000    0.039403
   22.500000    0.042772
   25.000000    0.046278
   27.500000    0.049841
   30.000000    0.053372
   32.500000    0.056783
   35.000000    0.059981
   37.500000    0.062882
   40.000000    0.065424
   42.500000    0.067567
   45.000000    0.069310
   47.500000    0.070696
   50.000000    0.071819
   52.500000    0.072823
   55.000000    0.073905
   57.500000    0.075320
   60.000000    0.077370
   62.500000    0.080409
   65.000000    0.084823
   67.500000    0.091020
   70.000000    0.099406
   72.500000    0.110350
   75.000000    0.124150
   77.500000    0.140991
   80.000000    0.160921
   82.500000    0.183821
   85.000000    0.209403
   87.500000    0.237229
   90.000000    0.266726
   92.500000    0.297230
   95.000000    0.328027
   97.500000    0.358389
  100.000000    0.387616
  102.500000    0.415071
  105.000000    0.440190
  107.500000    0.462519
  110.000000    0.481710
  112.500000    0.497533
  115.000000    0.509853
  117.500000    0.518630
  120.000000    0.523857
  122.500000    0.525525
  125.000000    0.523535
  127.500000    0.517642
  130.000000    0.507392
  132.500000    0.492148
  135.000000    0.471240
  137.500000    0.444246
  140.000000    0.411417
  142.500000    0.373971
  145.000000    0.334056
  147.500000    0.294277
  150.000000    0.256987
  152.500000    0.223769
  155.000000    0.195315
  157.500000    0.171610
  160.000000    0.152230
  162.500000    0.136597
  165.000000    0.124137
  167.500000    0.114350
  170.000000    0.106832
  172.500000    0.101275
  175.000000    0.097455
  177.500000    0.095220
  180.000000    0.094486
