    0.000000    0.025243
    2.500000    0.025509
    5.000000    0.026298
    7.500000    0.027594
   10.000000    0.029370
   12.500000    0.031586
   15.000000    0.034201
   17.500000    0.037161
   20.000000    0.040410
   22.500000    0.043884
   25.000000    0.047513
   27.500000    0.051216
   30.000000    0.054905
   32.500000    0.058488
   35.000000    0.061873
   37.500000    0.064971
   40.000000    0.067716
   42.500000    0.070062
   45.000000    0.071997
   47.500000    0.073557
   50.000000    0.074820
   52.500000    0.075921
   55.000000    0.077049
   57.500000    0.078450
   60.000000    0.080422
   62.500000    0.083314
   65.000000    0.087521
   67.500000    0.093456
   70.000000    0.101538
   72.500000    0.112152
   75.000000    0.125612
   77.500000    0.142122
   80.000000    0.161742
   82.500000    0.184370
   85.000000    0.209734
   87.500000    0.237398
   90.000000    0.266806
   92.500000    0.297304
   95.000000    0.328186
   97.500000    0.358737
  100.000000    0.388268
  102.500000    0.416140
  105.000000    0.441799
  107.500000    0.464780
  110.000000    0.484725
  112.500000    0.501385
  115.000000    0.514596
  117.500000    0.524281
  120.000000    0.530398
  122.500000    0.532887
  125.000000    0.531607
  127.500000    0.526257
  130.000000    0.516343
  132.500000    0.501190
  135.000000    0.480095
  137.500000    0.452649
  140.000000    0.419130
  142.500000    0.380822
  145.000000    0.339969
  147.500000    0.299268
  150.000000    0.261143
  152.500000    0.227226
  155.000000    0.198216
  157.500000    0.174089
  160.000000    0.154402
  162.500000    0.138549
  165.000000    0.125936
  167.500000    0.116041
  170.000000    0.108449
  172.500000    0.102842
  175.000000    0.098991
  177.500000    0.096739
  180.000000    0.095999
