    0.000000    0.000000
    2.500000   -0.002137
    5.000000   -0.004167
    7.500000   -0.005986
   10.000000   -0.007484
   12.500000   -0.008563
   15.000000   -0.009121
   17.500000   -0.009062
   20.000000   -0.008295
   22.500000   -0.006734
   25.000000   -0.004292
   27.500000   -0.000890
   30.000000    0.003552
   32.500000    0.009114
   35.000000    0.015876
   37.500000    0.023920
   40.000000    0.033319
   42.500000    0.044155
   45.000000    0.056491
   47.500000    0.070380
   50.000000    0.085858
   52.500000    0.102939
   55.000000    0.121604
   57.500000    0.141800
   60.000000    0.163436
   62.500000    0.186369
   65.000000    0.210396
   67.500000    0.235252
   70.000000    0.260599
   72.500000    0.286022
   75.000000    0.311050
   77.500000    0.335166
   80.000000    0.357830
   82.500000    0.378517
   85.000000    0.396745
   87.500000    0.412084
   90.000000    0.424184
   92.500000    0.432765
   95.000000    0.437620
   97.500000    0.438599
  100.000000    0.435599
  102.500000    0.428542
  105.000000    0.417360
  107.500000    0.401960
  110.000000    0.382208
  112.500000    0.357920
  115.000000    0.328882
  117.500000    0.294916
  120.000000    0.256032
  122.500000    0.212666
  125.000000    0.166040
  127.500000    0.118621
  130.000000    0.068071
  132.500000    0.024846
  135.000000   -0.001296
  137.500000   -0.001495
  140.000000    0.029519
  142.500000    0.089505
  145.000000    0.167917
  147.500000    0.249772
  150.000000    0.321481
  152.500000    0.374575
  155.000000    0.406001
  157.500000    0.415696
  160.000000    0.406758
  162.500000    0.383085
  165.000000    0.347427
  167.500000    0.302278
  170.000000    0.249795
  172.500000    0.191821
  175.000000    0.129932
  177.500000    0.065551
  180.000000    0.000000
