    0.000000    0.000000
    2.500000   -0.001914
    5.000000   -0.003715
    7.500000   -0.005295
   10.000000   -0.006542
   12.500000   -0.007349
   15.000000   -0.007609
   17.500000   -0.007223
   20.000000   -0.006088
   22.500000   -0.004115
   25.000000   -0.001209
   27.500000    0.002716
   30.000000    0.007747
   32.500000    0.013969
   35.000000    0.021469
   37.500000    0.030326
   40.000000    0.040622
   42.500000    0.052433
   45.000000    0.065816
   47.500000    0.080823
   50.000000    0.097473
   52.500000    0.115765
   55.000000    0.135663
   57.500000    0.157088
   60.000000    0.179925
   62.500000    0.203997
   65.000000    0.229072
   67.500000    0.254849
   70.000000    0.280958
   72.500000    0.306958
   75.000000    0.332353
   77.500000    0.356615
   80.000000    0.379210
   82.500000    0.399626
   85.000000    0.417409
   87.500000    0.432173
   90.000000    0.443615
   92.500000    0.451508
   95.000000    0.455696
   97.500000    0.456073
  100.000000    0.452571
  102.500000    0.445134
  105.000000    0.433695
  107.500000    0.418155
  110.000000    0.398356
  112.500000    0.374068
  115.000000    0.345019
  117.500000    0.310959
  120.000000    0.271802
  122.500000    0.227879
  125.000000    0.180294
  127.500000    0.131409
  130.000000    0.085347
  132.500000    0.048251
  135.000000    0.027796
  137.500000    0.031322
  140.000000    0.062662
  142.500000    0.119120
  145.000000    0.191154
  147.500000    0.265681
  150.000000    0.330822
  152.500000    0.378966
  155.000000    0.407139
  157.500000    0.415696
  160.000000    0.406758
  162.500000    0.383085
  165.000000    0.347427
  167.500000    0.302278
  170.000000    0.249795
  172.500000    0.191821
  175.000000    0.129951
  177.500000    0.065584
  180.000000    0.000000
