    0.000000    0.000000
    2.500000   -0.002207
    5.000000   -0.004315
    7.500000   -0.006222
   10.000000   -0.007834
   12.500000   -0.009059
   15.000000   -0.009802
   17.500000   -0.009980
   20.000000   -0.009512
   22.500000   -0.008323
   25.000000   -0.006336
   27.500000   -0.003480
   30.000000    0.000319
   32.500000    0.005136
   35.000000    0.011050
   37.500000    0.018152
   40.000000    0.026526
   42.500000    0.036271
   45.000000    0.047470
   47.500000    0.060208
   50.000000    0.074551
   52.500000    0.090538
   55.000000    0.108184
   57.500000    0.127460
   60.000000    0.148290
   62.500000    0.170536
   65.000000    0.193997
   67.500000    0.218389
   70.000000    0.243348
   72.500000    0.268425
   75.000000    0.293096
   77.500000    0.316787
   80.000000    0.338898
   82.500000    0.358839
   85.000000    0.376056
   87.500000    0.390068
   90.000000    0.400476
   92.500000    0.406973
   95.000000    0.409344
   97.500000    0.407463
  100.000000    0.401278
  102.500000    0.390796
  105.000000    0.376066
  107.500000    0.357156
  110.000000    0.334140
  112.500000    0.307089
  115.000000    0.276111
  117.500000    0.241418
  120.000000    0.203464
  122.500000    0.163164
  125.000000    0.122167
  127.500000    0.083157
  130.000000    0.050074
  132.500000    0.028037
  135.000000    0.022660
  137.500000    0.038543
  140.000000    0.077165
  142.500000    0.135199
  145.000000    0.204581
  147.500000    0.274783
  150.000000    0.336028
  152.500000    0.381630
  155.000000    0.408568
  157.500000    0.416749
  160.000000    0.407844
  162.500000    0.384304
  165.000000    0.348728
  167.500000    0.303554
  170.000000    0.250936
  172.500000    0.192744
  175.000000    0.130597
  177.500000    0.065915
  180.000000    0.000000
