    0.000000    0.023557
    2.500000    0.023842
    5.000000    0.024696
    7.500000    0.026098
   10.000000    0.028021
   12.500000    0.030428
   15.000000    0.033269
   17.500000    0.036499
   20.000000    0.040057
   22.500000    0.043881
   25.000000    0.047897
   27.500000    0.052027
   30.000000    0.056185
   32.500000    0.060278
   35.000000    0.064221
   37.500000    0.067933
   40.000000    0.071353
   42.500000    0.074452
   45.000000    0.077238
   47.500000    0.079759
   50.000000    0.082123
   52.500000    0.084489
   55.000000    0.087063
   57.500000    0.090109
   60.000000    0.093934
   62.500000    0.098883
   65.000000    0.105335
   67.500000    0.113673
   70.000000    0.124273
   72.500000    0.137466
   75.000000    0.153505
   77.500000    0.172530
   80.000000    0.194548
   82.500000    0.219403
   85.000000    0.246794
   87.500000    0.276270
   90.000000    0.307272
   92.500000    0.339158
   95.000000    0.371245
   97.500000    0.402852
  100.000000    0.433323
  102.500000    0.462061
  105.000000    0.488556
  107.500000    0.512391
  110.000000    0.533252
  112.500000    0.550929
  115.000000    0.565295
  117.500000    0.576284
  120.000000    0.583832
  122.500000    0.587805
  125.000000    0.587899
  127.500000    0.583545
  130.000000    0.573854
  132.500000    0.557657
  135.000000    0.533774
  137.500000    0.501511
  140.000000    0.461286
  142.500000    0.415017
  145.000000    0.365899
  147.500000    0.317538
  150.000000    0.272939
  152.500000    0.233903
  155.000000    0.201025
  157.500000    0.174052
  160.000000    0.152299
  162.500000    0.134962
  165.000000    0.121286
  167.500000    0.110637
  170.000000    0.102520
  172.500000    0.096555
  175.000000    0.092474
  177.500000    0.090096
  180.000000    0.089313
